ACCESSION: MSBNK-mFam-MC02_000673
RECORD_TITLE: Isoeugenol; ESI-TOF; MS2; CE: 6.0000000;  [M+H]+
DATE: 2023.03.06
AUTHORS: C. Broeckling, Colorado State University Proteomics and Metabolomics Facility
LICENSE: CC BY
PUBLICATION: Broeckling CD;Ganna A;Layer M;Brown K;Sutton B;Ingelsson E;Peers G;Prenni JE; (n.d.). Enabling efficient and confident annotation of LC-MS metabolomics data through MS1 Spectrum and time prediction. Analytical chemistry.
COMMENT: CONFIDENCE Pure standard
CH$NAME: Isoeugenol
CH$COMPOUND_CLASS: NA
CH$FORMULA: C10H12O2
CH$EXACT_MASS: 164.08373
CH$SMILES: COC1=CC(C=CC)=CC=C1O
CH$IUPAC: InChI=1S/C10H12O2/c1-3-4-8-5-6-9(11)10(7-8)12-2/h3-7,11H,1-2H3
CH$LINK: INCHIKEY BJIOGJUNALELMI-UHFFFAOYSA-N
AC$INSTRUMENT: waters xevo g2 TOF
AC$INSTRUMENT_TYPE: ESI-TOF
AC$MASS_SPECTROMETRY: MS_TYPE MS2
AC$MASS_SPECTROMETRY: ION_MODE POSITIVE
AC$MASS_SPECTROMETRY: IONIZATION ESI
AC$MASS_SPECTROMETRY: COLLISION_ENERGY 6.0000000
AC$CHROMATOGRAPHY: COLUMN_NAME Acquity CSHC18
AC$CHROMATOGRAPHY: RETENTION_TIME 3.158 min
MS$FOCUSED_ION: BASE_PEAK 165.09173
MS$FOCUSED_ION: PRECURSOR_M/Z 165.09173
MS$FOCUSED_ION: PRECURSOR_TYPE [M+H]+
MS$DATA_PROCESSING: RECALIBRATE loess on assigned fragments and MS1
MS$DATA_PROCESSING: REANALYZE Peaks with additional N2/O included
MS$DATA_PROCESSING: WHOLE RMassBank 3.7.1
PK$SPLASH: splash10-02di-0927200000-6af3d2ed968ba4c16388
PK$NUM_PEAK: 282
PK$PEAK: m/z int. rel.int.
  79.0554 6270 3
  84.9614 4405 2
  91.0552 3819 1
  95.0501 3671 1
  96.9619 20238 9
  103.0552 23162 11
  105.0708 268276 130
  106.0742 24277 11
  107.05 301839 146
  108.0537 22041 10
  109.0656 35064 17
  111.0336 2861 1
  115.0403 5915 2
  117.0706 21469 10
  121.0655 72746 35
  122.0703 6181 3
  124.0527 30144 14
  125.9866 19556 9
  131.0501 112812 54
  132.0559 14678 7
  133.0282 480405.5 233
  134.0199 54162.5 26
  135.081 73922 35
  135.5386 30811 14
  136.0852 4122 2
  137.0606 1173234 570
  138.0641 126566 61
  139.0257 5104.5 2
  140.5474 4385 2
  143.0685 16473 8
  145.0656 39278 19
  147.045 21892 10
  148.0188 20290 9
  150.0333 39569.5 19
  151.0762 438850 213
  152.0795 45944 22
  153.0557 13520 6
  159.0357 2893 1
  161.0445 11530.5 5
  162.068 15361 7
  163.0414 1022308 496
  164.083 844019 410
  165.0914 2055802 999
  166.095 239461 116
  167.0365 29608 14
  168.0734 4382 2
  169.0426 11001 5
  171.0813 161863 78
  172.0857 19514 9
  175.0658 8639 4
  175.5466 3077 1
  176.0323 5800.5 2
  176.5539 90907 44
  177.034 35476.5 17
  178.0476 7611 3
  179.0711 19818 9
  181.0772 44677 21
  182.0902 26982 13
  183.0731 8176 3
  183.5587 2845 1
  184.066 161094 78
  184.5672 37577 18
  185.0803 4185 2
  185.5592 59374 28
  186.0346 138633.5 67
  187.0072 3431 1
  188.0497 63430.5 30
  189.0552 28958.5 14
  189.5551 11742 5
  191.0761 33825.5 16
  191.5465 11098 5
  192.0549 2374 1
  193.0874 68365 33
  193.5725 23770 11
  194.1025 4833.3 2
  195.072 142157 69
  196.1055 32406 15
  196.5906 8728 4
  197.0677 79106 38
  197.5693 6589 3
  199.0687 8774 4
  200.0799 10138 4
  202.0628 3941.5 1
  203.0733 831866.5 404
  203.5715 20855 10
  204.0494 112540.5 54
  204.5793 229681 111
  205.0979 66197 32
  205.5813 4324 2
  206.0763 3610.5 1
  211.5596 2210 1
  212.5775 3199 1
  213.5843 7545 3
  217.0857 167834 81
  218.088 19972 9
  219.0562 8124.5 3
  220.0555 8280 4
  221.0854 43131 20
  222.0659 7392.5 3
  224.0538 4411 2
  225.1064 3118 1
  226.0708 3928.5 1
  231.0398 3523 1
  232.041 6234 3
  236.0545 6534.5 3
  238.0804 2462 1
  243.0195 8131 3
  244.0656 2976 1
  245.0143 112148 54
  246.0671 29699 14
  246.5679 7055 3
  247.0507 6919.5 3
  249.0164 18369.5 8
  254.0694 2725 1
  257.111 6443 3
  258.0433 3808 1
  260.0376 54155 26
  261.0421 12864 6
  263.1075 17983 8
  264.0595 48006 23
  264.5958 5246 2
  265.095 269704 131
  265.6012 90147 43
  266.0997 57556 27
  266.6078 15278 7
  267.1387 18579 9
  268.1426 2246 1
  271.0971 3813 1
  274.1048 9336 4
  277.1223 5469 2
  280.1083 7491 3
  280.6077 3256 1
  281.104 17107 8
  282.105 4511 2
  284.1048 5726 2
  285.6139 4819 2
  286.1172 3331 1
  287.1109 7408.5 3
  295.0253 2863 1
  296.1374 50367 24
  297.0774 2772.5 1
  298.1209 22068 10
  309.1496 11786 5
  313.1434 15305 7
  314.1454 2616 1
  326.152 195980 95
  327.3755 1846217 897
  328.1635 1147049 557
  329.1669 167354 81
  330.1682 15656 7
  333.1641 6095 2
  335.5907 2422 1
  343.132 9047 4
  345.1702 42065 20
  346.1347 116232 56
  346.635 47683 23
  347.1272 15775 7
  348.0892 2679 1
  349.0986 1208452.5 587
  350.114 240087.5 116
  351.1187 32064.5 15
  352.0968 2182.3 1
  353.0884 17824.5 8
  355.1397 38540 18
  355.6416 15295 7
  359.2093 12680 6
  360.1894 4839 2
  362.1479 80903 39
  362.648 17574 8
  363.1098 6575 3
  363.6502 2062 1
  365.1081 70236 34
  366.1203 18540.3 9
  367.1076 320901 155
  368.1119 48727 23
  371.1056 9277 4
  372.1539 3493 1
  373.2477 19063 9
  378.1274 7890 3
  378.6612 8881 4
  380.1238 9230 4
  381.124 1492288 725
  382.1293 325006.5 157
  383.127 41577.5 20
  384.1202 24626 11
  385.1574 2456 1
  394.0892 6903 3
  395.0933 4348 2
  397.1006 26745.5 12
  399.1033 10592.5 5
  403.1474 3610.5 1
  409.1496 35627 17
  409.6461 9721 4
  410.1528 6251 3
  411.1439 4015.5 1
  413.1059 13039 6
  414.1082 3841 1
  415.1078 10180 4
  417.1135 8994 4
  417.6309 3465 1
  418.1219 6567 3
  418.6503 2901 1
  419.1255 3432 1
  422.086 7426 3
  425.1785 15015 7
  427.0859 31621 15
  429.1161 3886 1
  431.1327 23433 11
  432.1377 5259 2
  453.177 492699 239
  454.1796 119840 58
  460.1164 5605 2
  470.202 16871 8
  473.1453 109967 53
  474.1496 30227 14
  475.1585 684124 332
  476.1619 182816 88
  477.1632 38163 18
  478.1652 5553 2
  489.2285 202895 98
  490.2315 61324 29
  491.1828 19107 9
  492.1368 2819 1
  495.1264 118810 57
  496.13 31077 15
  497.1341 5896 2
  507.1665 2816 1
  509.1546 5887 2
  510.0103 5439.7 2
  511.2096 31057 15
  512.2156 36499 17
  513.2195 16543 8
  515.2028 11013 5
  521.1939 11525.5 5
  522.2567 6850 3
  525.2244 4032 1
  528.1869 2614 1
  529.1944 26541 12
  539.1293 3174 1
  541.1681 5020 2
  542.1539 2593 1
  543.1958 18278.5 8
  544.1988 28176 13
  545.204 49330.5 23
  546.2097 9262 4
  547.1683 11973 5
  553.1004 8839 4
  554.114 2913 1
  575.259 7614 3
  576.2275 6157 2
  577.1898 23501 11
  578.1881 8104 3
  653.3109 48259 23
  654.3166 20324 9
  655.2642 3757.5 1
  671.1809 9429 4
  672.177 3330 1
  673.193 2660 1
  675.2891 186081 90
  676.2978 81930 39
  677.2822 8524 4
  679.2856 2753 1
  691.202 3516.5 1
  693.3018 23779 11
  694.3042 4585 2
  707.2739 55869 27
  708.2776 25465 12
  709.2416 5943 2
  723.2891 2948 1
  725.2873 3786.5 1
  726.2451 5262 2
  739.3014 40334.5 19
  740.3474 34867 16
  741.3051 6472 3
  742.2577 2688 1
  743.3036 7086 3
  745.2531 2427 1
  753.2367 3645 1
  758.2615 3315 1
  771.2845 8310 4
  821.2817 2179 1
  853.3013 4751 2
//
