ACCESSION: MSBNK-mFam-MC02_000743
RECORD_TITLE: Pyrogallol; ESI-TOF; MS2; CE: 6.0000000;  [M+H]+
DATE: 2023.03.06
AUTHORS: C. Broeckling, Colorado State University Proteomics and Metabolomics Facility
LICENSE: CC BY
PUBLICATION: Broeckling CD;Ganna A;Layer M;Brown K;Sutton B;Ingelsson E;Peers G;Prenni JE; (n.d.). Enabling efficient and confident annotation of LC-MS metabolomics data through MS1 Spectrum and time prediction. Analytical chemistry.
COMMENT: CONFIDENCE Pure standard
CH$NAME: Pyrogallol
CH$COMPOUND_CLASS: NA
CH$FORMULA: C6H6O3
CH$EXACT_MASS: 126.03169
CH$SMILES: OC1=CC=CC(O)=C1O
CH$IUPAC: InChI=1S/C6H6O3/c7-4-2-1-3-5(8)6(4)9/h1-3,7-9H
CH$LINK: INCHIKEY WQGWDDDVZFFDIG-UHFFFAOYSA-N
AC$INSTRUMENT: waters xevo g2 TOF
AC$INSTRUMENT_TYPE: ESI-TOF
AC$MASS_SPECTROMETRY: MS_TYPE MS2
AC$MASS_SPECTROMETRY: ION_MODE POSITIVE
AC$MASS_SPECTROMETRY: IONIZATION ESI
AC$MASS_SPECTROMETRY: COLLISION_ENERGY 6.0000000
AC$CHROMATOGRAPHY: COLUMN_NAME Acquity CSHC18
AC$CHROMATOGRAPHY: RETENTION_TIME 1.018 min
MS$FOCUSED_ION: BASE_PEAK 127.03969
MS$FOCUSED_ION: PRECURSOR_M/Z 127.03969
MS$FOCUSED_ION: PRECURSOR_TYPE [M+H]+
MS$DATA_PROCESSING: RECALIBRATE loess on assigned fragments and MS1
MS$DATA_PROCESSING: REANALYZE Peaks with additional N2/O included
MS$DATA_PROCESSING: WHOLE RMassBank 3.7.1
PK$SPLASH: splash10-007a-0492000000-3d6acf70ca486ae6d91b
PK$NUM_PEAK: 116
PK$PEAK: m/z int. rel.int.
  81.0341 3394 8
  97.0288 7515 19
  109.0288 58808 149
  110.0341 6654 16
  113.0236 6543 16
  114.9711 5752 14
  124.9916 27963 70
  126.031 13247 33
  127.0391 175643 445
  128.0433 17075 43
  133.0299 2044 5
  137.9878 43295 109
  141.0189 6748 17
  147.0443 10407 26
  150.9943 446 1
  159.0441 18350 46
  163.0392 13229 33
  165.0204 23005.5 58
  167.953 892 2
  168.959 4228 10
  170.975 3537 8
  173.0003 13894.5 35
  175.0392 14172 35
  177.0547 16663 42
  179.0316 8998 22
  183.0261 9715 24
  191.034 117727 298
  192.0077 10373.5 26
  193.0161 68641 174
  195.9448 3376 8
  197.042 16853 42
  197.9618 18340 46
  198.9677 3065 7
  203.0338 114762 291
  204.0391 5172.5 13
  205.0491 23995 60
  206.0116 4221 10
  208.944 1393 3
  219.0012 76955.5 195
  220.0022 22261.5 56
  220.9772 82630 209
  222.0479 32431 82
  222.9776 2005 5
  231.0285 73244 185
  232.0327 3028 7
  235.0126 1712 4
  237.0398 11345.5 28
  239.0541 9773 24
  242.9993 8147 20
  246.9959 80424.5 203
  248.0019 7415.5 18
  249.0109 123366.5 312
  250.0168 10056.5 25
  251.0537 14860 37
  261.0053 3957 10
  265.034 45435 115
  267.0377 76610 194
  268.0508 4117 10
  271.0214 147496 374
  272.0234 9726 24
  274.9886 7850.5 19
  276.9799 23747 60
  281.0493 2665 6
  284.075 5856 14
  285.0049 884 2
  287.009 7782.5 19
  288.0104 2254.5 5
  289.032 393939 999
  290.035 31176 79
  294.9902 1024 2
  303.0029 34044 86
  304.0084 17688 44
  304.9729 40852 103
  307.0332 20961 53
  315.0498 2627 6
  315.9898 9531 24
  321.0152 4977.5 12
  331.045 1524 3
  343.0152 31536 79
  344.0495 4418 11
  345.0262 23449 59
  346.0645 2579 6
  353.0263 2011 5
  355.0448 9666 24
  361.0549 4717 11
  371.038 43800 111
  371.9926 2608 6
  373.0541 64822 164
  375.0666 3061 7
  387.0343 2557 6
  389.0496 48107 121
  390.0558 5964 15
  391.0649 24222 61
  398.9794 53999 136
  399.9867 14216 36
  400.9928 32483 82
  426.9751 32629 82
  427.9809 18150 46
  428.985 5757 14
  443.979 3656 9
  444.9841 6691 16
  445.9892 4035 10
  495.0526 1578 4
  497.0658 15145 38
  504.9913 1060 2
  521.9867 3979 10
  522.9951 10284 26
  523.9996 5756 14
  541.0018 3128 7
  551.9956 4558 11
  555.0737 7247 18
  556.0757 2357 5
  567.0711 812 2
  567.9897 1475 3
  621.0195 712 1
  851.0316 696 1
//
