ACCESSION: MSBNK-mFam-MC21_000160
RECORD_TITLE: 8-Methylsulfinyloctyl glucosinolate; LC-ESI-QTOF; MS2; CE: 29.41;  [M-H]-
DATE: 2023.03.22
AUTHORS: Stefanie Döll, Hendrik Treutler
LICENSE: CC BY
PUBLICATION: Döll, S., Farahani-Kofoet, R. D., Zrenner, R., Henze, A. & Witzel, K. (2021) Tissue-specific signatures of metabolites and proteins in asparagus roots and exudates. Horticulture Research.
COMMENT: CONFIDENCE Pure standard
CH$NAME: 8-Methylsulfinyloctyl glucosinolate
CH$COMPOUND_CLASS: NA
CH$FORMULA: C16H31NO10S3
CH$EXACT_MASS: 493.1110
CH$SMILES: CS(=O)CCCCCCCCC(=NOS(=O)(=O)O)SC1C(C(C(C(O1)CO)O)O)O
CH$IUPAC: InChI=1S/C16H31NO10S3/c1-29(22)9-7-5-3-2-4-6-8-12(17-27-30(23,24)25)28-16-15(21)14(20)13(19)11(10-18)26-16/h11,13-16,18-21H,2-10H2,1H3,(H,23,24,25)
CH$LINK: INCHIKEY GPMDJOOLATZDQL-UHFFFAOYSA-N
AC$INSTRUMENT: Bruker MicrOTOF-Q
AC$INSTRUMENT_TYPE: LC-ESI-QTOF
AC$MASS_SPECTROMETRY: MS_TYPE MS2
AC$MASS_SPECTROMETRY: ION_MODE NEGATIVE
AC$MASS_SPECTROMETRY: IONIZATION ESI
AC$MASS_SPECTROMETRY: COLLISION_ENERGY 29.41
AC$CHROMATOGRAPHY: COLUMN_NAME Acquity CSHC18
AC$CHROMATOGRAPHY: RETENTION_TIME NA
MS$FOCUSED_ION: BASE_PEAK 492.1037
MS$FOCUSED_ION: PRECURSOR_M/Z 492.1037
MS$FOCUSED_ION: PRECURSOR_TYPE [M-H]-
MS$DATA_PROCESSING: RECALIBRATE loess on assigned fragments and MS1
MS$DATA_PROCESSING: REANALYZE Peaks with additional N2/O included
MS$DATA_PROCESSING: WHOLE RMassBank 3.7.1
PK$SPLASH: splash10-005a-2290300000-30f0a3c432e488fae646
PK$NUM_PEAK: 190
PK$PEAK: m/z int. rel.int.
  45.3078 35405188 1
  46.3394 47143890.7 2
  46.924 30289356 1
  48.3751 26437200 1
  49.1656 88955728 4
  49.9646 36030013.3 1
  51.1839 38086724 1
  52.4058 60927672 2
  53.7723 48373660 2
  55.5751 41276478 1
  56.9898 37676141.3 1
  58.6413 33367864 1
  59.5123 37512304 1
  61.5436 24388244 1
  62.8103 26613164 1
  64.7051 37097142 1
  65.4243 41656744 1
  66.5377 50613100 2
  68.1865 32051102 1
  68.9929 47873404 2
  71.2079 41410988 1
  72.0931 35685840 1
  72.9955 47569488 2
  74.586 44466232 2
  75.0939 33701602 1
  76.6182 24962664 1
  77.339 55577716 2
  77.7982 28198946 1
  78.7365 47276462 2
  79.9562 475968128 21
  80.9338 56421156 2
  81.8756 36974264 1
  82.4642 43576264 2
  83.9629 68994064 3
  87.326 40451228 1
  89.0778 40525392 1
  90.124 33168636 1
  90.7851 31318908 1
  91.771 38578236 1
  92.1857 31073152 1
  94.7369 31518136 1
  95.6883 9881066463.3 454
  96.9849 12226890584 562
  98.0746 698004367.6 32
  99.204 756085455.6 34
  100.9937 149114828 6
  104.4502 30428940 1
  105.8277 58076730 2
  111.9302 1310994560 60
  113.0227 243329568 11
  113.9268 129888320 5
  118.5467 28907876 1
  119.003 194406304 8
  119.9776 498790016 22
  121.8885 48786636 2
  122.9702 47205928 2
  127.7876 911715541 41
  128.9822 498211366 22
  129.8899 69435661.3 3
  131.1566 90958156 4
  135.9711 2206240510 101
  137.7045 32959260 1
  138.1665 27572924 1
  138.972 2884323580 132
  141.9655 27572924 1
  143.9222 151520784 6
  145.0508 708852420 32
  147.0318 43108016 1
  153.0753 32829824 1
  153.9341 33636884 1
  155.948 42008672 1
  157.1904 27642716 1
  158.066 61465712 2
  160.981 80792696 3
  163.0615 542940670 24
  164.0319 83212390 3
  164.602 31237484 1
  165.059 27888472 1
  166.2355 29293216 1
  166.9607 135305104 6
  168.9561 1208798460 55
  169.9628 92701712 4
  171.0851 510205632 23
  172.0976 35698956 1
  175.0667 30196300 1
  177.0083 131127248 6
  178.0183 724435260 33
  179.0391 223593344 10
  180.0355 82739072 3
  183.9658 51632504 2
  186.0971 3876269820 178
  187.0964 299617056 13
  188.0962 152258048 7
  190.0544 249834288 11
  190.8196 49407584 2
  192.0367 414473216 19
  193.0037 81686256 3
  194.2775 36130824 1
  195.1467 1316504981 60
  195.9761 774635580 35
  197.0308 182301648 8
  198.9926 610256770 28
  202.0904 1590407170 73
  203.0981 87049328 4
  205.0556 1800018180 82
  206.0502 5624539600 258
  207.0637 1478419710 68
  209.0921 61319572 2
  211.2124 51011558 2
  214.3925 28708648 1
  217.0754 219355856 10
  218.0851 1084622210 49
  220.0615 488093056 22
  222.9925 78023176 3
  227.0221 1373650940 63
  228.0686 135723228 6
  229.0231 86474904 3
  232.0657 1373452160 63
  233.2707 428229225 19
  234.8565 21716330796.7 999
  236.0788 6637624300 305
  236.8252 375547990.7 17
  237.8999 1277245743 58
  238.5965 55939792 2
  239.0277 859949760 39
  240.0141 201595840 9
  241.1517 1274949376 58
  242.9962 117242656 5
  248.0564 125727792 5
  250.0927 5261093900 242
  251.0939 679643330 31
  252.0925 301729888 13
  254.0277 396102400 18
  256.9842 141398256 6
  259.0686 7764285552 357
  260.0163 1948822530 89
  261.0125 1277453700 58
  264.0353 84475440 3
  265.5657 32770180 1
  266.0529 7763767800 357
  267.0548 1140851330 52
  267.8638 483344380 22
  269.0458 88381312 4
  273.7349 27695802 1
  275.1801 9818772982 451
  275.9935 1570237310 72
  276.988 2135377790 98
  277.986 137895072 6
  281.0385 797172350 36
  282.0514 1131323520 52
  283.0458 133787008 6
  284.023 790432510 36
  285.0303 179339456 8
  286.0212 143374464 6
  290.9829 999921730 45
  291.9817 89317808 4
  296.0212 204508538 9
  299.0461 3405602560 156
  300.051 536988860 24
  301.041 466099776 21
  306.0901 77342584 3
  314.0697 169917824 7
  324.0806 40407668 1
  331.0127 191477536 8
  344.0106 809883580 37
  348.1462 561942590 25
  358.0284 739026690 33
  359.0283 149365664 6
  372.0438 597714300 27
  374.048 88161784 4
  386.0583 3148639740 144
  387.058 391671616 18
  388.0499 457428512 21
  399.1152 81719664 3
  400.0756 1365910270 62
  403.0746 57812784 2
  426.5236 42055200 1
  428.2755 8825489622 405
  429.1083 3311602180 152
  430.1033 2155001860 99
  432.1106 92538864 4
  460.0756 565153540 25
  462.0726 91496192 4
  477.0807 10975150100 504
  478.0862 2194000130 100
  479.0792 1863573500 85
  480.0764 470917632 21
  492.1056 1006785090 46
  493.101 155515488 7
  495.1088 59171000 2
//
