ACCESSION: MSBNK-mFam-MC25_000135
RECORD_TITLE: Kaempferol; LC-ESI-ITFT; MS2; CE: 0.3;  [M+H]+
DATE: 2023.03.31
AUTHORS: Maria Halabalaki, Division of Pharmacognosy and Natural Products Chemistry, University of Athens, Greece
LICENSE: CC BY
PUBLICATION: NA
COMMENT: CONFIDENCE Pure standard
CH$NAME: Kaempferol
CH$COMPOUND_CLASS: flavonols
CH$FORMULA: C15H10O6
CH$EXACT_MASS: 286.0477
CH$SMILES: C1=CC(=CC=C1C2=C(C(=O)C3=C(C=C(C=C3O2)O)O)O)O
CH$IUPAC: InChI=1S/C15H10O6/c16-8-3-1-7(2-4-8)15-14(20)13(19)12-10(18)5-9(17)6-11(12)21-15/h1-6,16-18,20H
CH$LINK: INCHIKEY IYRMWMYZSQPJKC-UHFFFAOYSA-N
AC$INSTRUMENT: LTQ-Orbitrap XL hybrid mass spectrometer (Thermo Scientific)
AC$INSTRUMENT_TYPE: LC-ESI-ITFT
AC$MASS_SPECTROMETRY: MS_TYPE MS2
AC$MASS_SPECTROMETRY: ION_MODE POSITIVE
AC$MASS_SPECTROMETRY: IONIZATION ESI
AC$MASS_SPECTROMETRY: COLLISION_ENERGY 0.3
AC$CHROMATOGRAPHY: COLUMN_NAME Acquity CSHC18
AC$CHROMATOGRAPHY: RETENTION_TIME 8.591 min
MS$FOCUSED_ION: BASE_PEAK 287.0538
MS$FOCUSED_ION: PRECURSOR_M/Z 287.0538
MS$FOCUSED_ION: PRECURSOR_TYPE [M+H]+
MS$FOCUSED_ION: PRECURSOR_INTENSITY 11152870
MS$DATA_PROCESSING: RECALIBRATE loess on assigned fragments and MS1
MS$DATA_PROCESSING: REANALYZE Peaks with additional N2/O included
MS$DATA_PROCESSING: WHOLE RMassBank 3.7.1
PK$SPLASH: splash10-00kr-0490000000-e4de7e217d0a6cb85273
PK$NUM_PEAK: 115
PK$PEAK: m/z int. rel.int.
  74.1892 22564 23
  77.78 17228 18
  79.4287 18788 19
  79.8198 19379 20
  86.1474 17554 18
  87.0928 19500 20
  88.7748 23465 24
  89.4838 18164 19
  90.3058 22605 23
  95.457 25457 26
  106.5119 20494 21
  110.1933 21452 22
  110.4474 20113 21
  118.1315 24967 26
  119.9689 19588 20
  121.0275 114659 120
  128.3498 24208 25
  128.399 27069 28
  133.0278 75682 79
  134.0879 20796 21
  136.9054 22695 23
  137.461 23786 25
  139.0146 21596 22
  143.1669 28593 30
  147.0431 38885 40
  150.9401 21916 23
  153.0172 171461 180
  162.9786 27026 28
  163.1744 24002 25
  165.0172 393138 413
  165.9828 31298 32
  166.9486 27113 28
  171.0441 28412 29
  174.552 27082 28
  176.3819 30894 32
  176.6543 22613 23
  177.046 29305 30
  178.0018 28438 29
  178.0388 28627 30
  179.9642 26029 27
  180.3773 25411 26
  180.6776 28842 30
  183.1705 35107 36
  185.0578 40311 42
  187.5625 34431 36
  193.7545 23415 24
  194.7478 34054 35
  196.2001 25753 27
  196.3056 27168 28
  197.0585 65002 68
  198.2006 25124 26
  198.2166 28440 29
  200.6425 23987 25
  200.7663 29923 31
  202.3202 26340 27
  204.7108 24940 26
  206.2186 29446 30
  210.3716 31867 33
  211.472 25206 26
  213.0535 411875 433
  213.4605 28573 30
  213.6126 31661 33
  214.4553 44110 46
  215.0827 25651 26
  215.8781 27459 28
  216.0394 25533 26
  218.919 25165 26
  218.9347 26396 27
  219.7109 34625 36
  220.5516 32939 34
  223.0871 28857 30
  223.3142 37391 39
  223.4034 26194 27
  226.2132 30024 31
  226.9513 29701 31
  227.5908 29902 31
  227.6698 31923 33
  229.3259 32350 34
  231.0639 144218 151
  231.6201 25712 27
  232.1873 29649 31
  232.351 28762 30
  233.0873 25994 27
  234.3887 26394 27
  236.5222 45375 47
  239.1094 36681 38
  240.643 38442 40
  241.0485 455155 478
  242.2795 32557 34
  245.853 23765 25
  246.8714 40298 42
  248.171 28278 29
  249.5361 25704 27
  257.9011 34052 35
  258.0512 153956 161
  259.0584 81252 85
  259.084 28689 30
  259.1799 28010 29
  265.1726 33793 35
  266.4293 39814 41
  269.0438 137505 144
  269.2621 30910 32
  273.2763 35176 37
  276.934 25926 27
  278.6138 27902 29
  281.4264 30928 32
  282.0734 26656 28
  284.2404 31529 33
  284.2743 29288 30
  285.4242 25319 26
  286.0292 31715 33
  286.1102 28931 30
  286.6793 32044 33
  287.0541 949418 999
  287.2871 27108 28
//
