ACCESSION: MSBNK-mFam-MC02_000664
RECORD_TITLE: Galactitol; ESI-TOF; MS2; CE: 0.6458333;  [M+H]+
DATE: 2023.03.06
AUTHORS: C. Broeckling, Colorado State University Proteomics and Metabolomics Facility
LICENSE: CC BY
PUBLICATION: Broeckling CD;Ganna A;Layer M;Brown K;Sutton B;Ingelsson E;Peers G;Prenni JE; (n.d.). Enabling efficient and confident annotation of LC-MS metabolomics data through MS1 Spectrum and time prediction. Analytical chemistry.
COMMENT: CONFIDENCE Pure standard
CH$NAME: Galactitol
CH$COMPOUND_CLASS: NA
CH$FORMULA: C6H14O6
CH$EXACT_MASS: 182.07904
CH$SMILES: OCC(O)C(O)C(O)C(O)CO
CH$IUPAC: InChI=1S/C6H14O6/c7-1-3(9)5(11)6(12)4(10)2-8/h3-12H,1-2H2
CH$LINK: INCHIKEY FBPFZTCFMRRESA-UHFFFAOYSA-N
AC$INSTRUMENT: waters xevo g2 TOF
AC$INSTRUMENT_TYPE: ESI-TOF
AC$MASS_SPECTROMETRY: MS_TYPE MS2
AC$MASS_SPECTROMETRY: ION_MODE POSITIVE
AC$MASS_SPECTROMETRY: IONIZATION ESI
AC$MASS_SPECTROMETRY: COLLISION_ENERGY 0.6458333
AC$CHROMATOGRAPHY: COLUMN_NAME Acquity CSHC18
AC$CHROMATOGRAPHY: RETENTION_TIME 0.556 min
MS$FOCUSED_ION: BASE_PEAK 183.08704
MS$FOCUSED_ION: PRECURSOR_M/Z 183.08704
MS$FOCUSED_ION: PRECURSOR_TYPE [M+H]+
MS$DATA_PROCESSING: RECALIBRATE loess on assigned fragments and MS1
MS$DATA_PROCESSING: REANALYZE Peaks with additional N2/O included
MS$DATA_PROCESSING: WHOLE RMassBank 3.7.1
PK$SPLASH: splash10-0079-2982100000-6b5fe9afc3c59d22c590
PK$NUM_PEAK: 141
PK$PEAK: m/z int. rel.int.
  69.0349 12454 260
  71.05 103 2
  72.9841 1372.5 28
  81.0346 7465 156
  83.0502 13421 280
  84.0525 103 2
  85.0298 10348 216
  91.0402 103 2
  97.9692 103 2
  99.0108 13057.5 272
  102.0163 8657 180
  103.04 103 2
  103.9568 103 2
  110.0134 4460 93
  111.0334 21553 450
  111.5238 1657 34
  112.0053 3210.5 67
  112.9918 5812 121
  114.9715 10601 221
  117.0554 103 2
  120.0269 44757 935
  122.5295 103 2
  126.9487 9200 192
  129.0531 6532 136
  130.059 103 2
  131.0329 407 8
  131.5348 103 2
  132.0274 3094 64
  132.9594 8663 181
  136.9768 571.5 11
  137.9942 2784.5 58
  139.5209 103 2
  140.0124 10527.5 220
  140.5408 103 2
  144.9597 6805 142
  147.049 13682 286
  147.5338 1011 21
  148.0712 103 2
  153.971 3155 65
  154.9676 103 2
  156.0376 10626 222
  157.9914 6366.3 133
  158.9981 3942 82
  161.0134 2165 45
  164.0248 103 2
  165.0765 103 2
  166.0797 103 2
  169.967 9983 208
  171.1271 103 2
  172.9755 2034 42
  173.962 22575 471
  174.9691 4567 95
  175.9785 4805 100
  179.125 103 2
  180.9829 103 2
  183.0872 103 2
  184.0372 1269.5 26
  188.0947 465 9
  189.0401 7357.5 153
  190.1001 103 2
  193.0558 103 2
  194.0722 103 2
  194.5737 103 2
  195.073 103 2
  199.9773 9832 205
  201.042 103 2
  202.0617 12253 256
  202.5637 1684 35
  203.0435 2286 47
  204.0587 103 2
  204.5613 103 2
  205.069 17374 363
  206.0304 10652 222
  207.0741 103 2
  209.0491 103 2
  209.5505 103 2
  210.0478 103 2
  210.5485 103 2
  211.048 103 2
  211.549 103 2
  212.0465 103 2
  212.5474 103 2
  213.0454 103 2
  214.0447 103 2
  217.9894 1289 26
  218.9963 5061 105
  225.9949 2400 50
  232.0025 2326 48
  232.444 2900 60
  233.0138 701 14
  234.0037 2101 43
  235.0107 1715 35
  235.9993 47783 999
  237.0064 45827 958
  237.5073 103 2
  238.0084 3037 63
  239.0081 5307 110
  252.0138 1581 33
  253.0509 103 2
  254.0093 47346 989
  255.0115 103 2
  267.066 1501 31
  268.0257 6255 130
  277.0253 103 2
  282.0042 103 2
  283.0108 103 2
  283.9125 899 18
  285.0123 103 2
  292.025 7871 164
  293.0649 717.5 15
  293.6016 103 2
  296.0197 103 2
  303.8855 103 2
  318.9999 2176 45
  319.5571 103 2
  320.0405 103 2
  322.0355 36518 763
  323.0367 4644 97
  354.5029 103 2
  381.9627 103 2
  389.1242 19865 415
  390.1282 103 2
  403.1123 9183 191
  409.0812 103 2
  414.0838 103 2
  415.0895 103 2
  416.0775 721 15
  417.0891 103 2
  418.0787 18031 376
  419.0841 14380 300
  420.0845 103 2
  421.0867 2788 58
  423.0827 103 2
  439.0912 103 2
  442.0356 103 2
  470.9897 103 2
  471.9968 103 2
  475.9933 103 2
  482.9901 103 2
  500.001 103 2
  501.0845 103 2
//
