ACCESSION: MSBNK-mFam-MC02_000724
RECORD_TITLE: Isoferulic acid; ESI-TOF; MS2; CE: 0.6458333;  [M+H]+
DATE: 2023.03.06
AUTHORS: C. Broeckling, Colorado State University Proteomics and Metabolomics Facility
LICENSE: CC BY
PUBLICATION: Broeckling CD;Ganna A;Layer M;Brown K;Sutton B;Ingelsson E;Peers G;Prenni JE; (n.d.). Enabling efficient and confident annotation of LC-MS metabolomics data through MS1 Spectrum and time prediction. Analytical chemistry.
COMMENT: CONFIDENCE Pure standard
CH$NAME: Isoferulic acid
CH$COMPOUND_CLASS: NA
CH$FORMULA: C10H10O4
CH$EXACT_MASS: 194.05791
CH$SMILES: COC1=C(O)C=C(C=CC(O)=O)C=C1
CH$IUPAC: InChI=1S/C10H10O4/c1-14-9-4-2-7(6-8(9)11)3-5-10(12)13/h2-6,11H,1H3,(H,12,13)
CH$LINK: INCHIKEY QURCVMIEKCOAJU-UHFFFAOYSA-N
AC$INSTRUMENT: waters xevo g2 TOF
AC$INSTRUMENT_TYPE: ESI-TOF
AC$MASS_SPECTROMETRY: MS_TYPE MS2
AC$MASS_SPECTROMETRY: ION_MODE POSITIVE
AC$MASS_SPECTROMETRY: IONIZATION ESI
AC$MASS_SPECTROMETRY: COLLISION_ENERGY 0.6458333
AC$CHROMATOGRAPHY: COLUMN_NAME Acquity CSHC18
AC$CHROMATOGRAPHY: RETENTION_TIME 2.282 min
MS$FOCUSED_ION: BASE_PEAK 195.06591
MS$FOCUSED_ION: PRECURSOR_M/Z 195.06591
MS$FOCUSED_ION: PRECURSOR_TYPE [M+H]+
MS$DATA_PROCESSING: RECALIBRATE loess on assigned fragments and MS1
MS$DATA_PROCESSING: REANALYZE Peaks with additional N2/O included
MS$DATA_PROCESSING: WHOLE RMassBank 3.7.1
PK$SPLASH: splash10-00ks-3900100000-feb8390a04c8f0d114bf
PK$NUM_PEAK: 181
PK$PEAK: m/z int. rel.int.
  63.0239 17018 6
  65.0396 8200 3
  79.0526 27526 11
  89.0394 2469126 999
  90.0428 230354 93
  91.0549 268176 108
  92.0582 18793 7
  93.0706 19420 7
  103.0551 81202 32
  104.058 7189 2
  105.052 49691 20
  106.042 315864 127
  107.0475 44049 17
  108.0215 8438 3
  117.0343 2395885 969
  118.0381 215644 87
  119.0484 47557 19
  120.0536 4384 1
  121.0657 112257 45
  122.0681 7696 3
  123.0453 13219 5
  125.0603 5187 2
  131.0498 19130 7
  133.0473 16468 6
  134.0373 1013517 410
  135.0444 140105 56
  137.0603 7872 3
  145.0291 1007561 407
  146.0327 103924 42
  147.0439 46168 18
  149.0602 1212631 490
  150.0639 122353 49
  151.0395 7880 3
  157.0385 4010 1
  159.0444 12198 4
  160.0499 3693 1
  160.9868 6620 2
  162.0318 90528 36
  163.0395 124821 50
  164.0431 11365 4
  175.0401 20641 8
  177.2705 104780.3 42
  179.0606 19084 7
  188.993 6716 2
  192.0422 4730 1
  193.0502 12699 5
  194.0866 9576 3
  195.0656 28580 11
  201.0141 9311.5 3
  205.0294 7328 2
  207.0307 5154.5 2
  211.0283 6006 2
  215.0164 166270 67
  216.04 13310 5
  217.0478 30722 12
  221.0596 2843 1
  221.9984 4698 1
  230.9744 6283 2
  233.0129 23757 9
  234.016 40286 16
  235.0763 12303 4
  237.0491 5520 2
  239.0298 6241 2
  240.034 5315 2
  245.034 5063 2
  247.9998 7482.5 3
  249.0547 7625 3
  250.0627 6624 2
  251.0237 37273 15
  253.0008 4590 1
  257.0829 5755 2
  261.0461 6543 2
  262.0612 2639 1
  263.0706 20699 8
  264.0758 9196 3
  265.0616 8684 3
  266.0584 8721 3
  267.0656 20479 8
  268.0738 14626 5
  271.1048 3543 1
  276.043 7306 2
  277.0762 3261 1
  278.0561 4725 1
  280.0386 6237 2
  281.0794 17222 6
  282.0854 3400 1
  283.106 18451 7
  291.0326 9592 3
  292.0722 16112 6
  293.0799 19853 8
  294.0527 4295 1
  295.0586 5006 2
  297.0769 2860 1
  307.0548 4579.5 1
  308.0693 28410 11
  309.1056 12104.5 4
  310.0745 9088 3
  311.0788 6937 2
  312.0296 7472 3
  323.0923 57030 23
  324.0962 12612 5
  325.1063 20946 8
  327.0871 63935 25
  328.0898 11977 4
  331.0282 2899 1
  333.0572 5642.5 2
  337.0742 6098 2
  339.0898 4340 1
  341.1027 17865 7
  342.1074 5171 2
  351.086 25327 10
  363.0698 3828 1
  365.0567 17726.5 7
  367.0816 4765 1
  369.0116 6275 2
  375.0726 6967 2
  377.0109 7483 3
  380.0343 28130 11
  383.0955 26948 10
  385.0918 13859 5
  386.099 3202 1
  393.0771 5397 2
  395.0717 10974 4
  404.0188 11129 4
  406.0489 87568 35
  407.0401 27390.7 11
  408.0597 4310 1
  409.0476 55439 22
  410.0929 18324 7
  411.0564 13529.5 5
  412.0967 4627 1
  413.0861 15982 6
  422.0263 4402 1
  424.0246 106883 43
  425.0394 29548 11
  427.0392 6305.5 2
  428.0744 59420 24
  429.043 5461.5 2
  431.129 4394.5 1
  434.1238 5244 2
  438.0413 5617 2
  439.1004 4356 1
  440.0706 4382.5 1
  441.0761 3069 1
  442.0356 247750 100
  443.0417 74264 30
  444.0431 14557 5
  445.0627 14795 5
  447.0406 3057 1
  449.0802 15784.5 6
  450.116 6511 2
  453.5219 3510 1
  465.0548 7842.5 3
  466.0871 2892 1
  467.0855 4873 1
  525.2042 3901.5 1
  601.1309 10170 4
  602.1351 3708 1
  605.1474 4927 1
  607.1409 10181 4
  608.1409 2508 1
  616.0656 5697 2
  619.1076 6497 2
  621.1297 11918 4
  622.1317 2558 1
  632.0924 4270 1
  634.0859 10949 4
  636.0933 11690 4
  637.0967 4753 1
  674.0414 7889 3
  680.0523 3131 1
  689.0156 4736 1
  693.0318 2736 1
  811.154 2569 1
  868.099 5376 2
  882.0672 3740 1
  883.0635 2887 1
  884.067 7042 2
  885.0716 6944 2
  886.0738 12359 5
  888.0708 2623 1
//
