ACCESSION: MSBNK-mFam-MC02_000656
RECORD_TITLE: D-Arabitol; ESI-TOF; MS2; CE: 0.6458333;  [M+H]+
DATE: 2023.03.06
AUTHORS: C. Broeckling, Colorado State University Proteomics and Metabolomics Facility
LICENSE: CC BY
PUBLICATION: Broeckling CD;Ganna A;Layer M;Brown K;Sutton B;Ingelsson E;Peers G;Prenni JE; (n.d.). Enabling efficient and confident annotation of LC-MS metabolomics data through MS1 Spectrum and time prediction. Analytical chemistry.
COMMENT: CONFIDENCE Pure standard
CH$NAME: D-Arabitol
CH$COMPOUND_CLASS: NA
CH$FORMULA: C5H12O5
CH$EXACT_MASS: 152.06847
CH$SMILES: OCC(O)C(O)C(O)CO
CH$IUPAC: InChI=1S/C5H12O5/c6-1-3(8)5(10)4(9)2-7/h3-10H,1-2H2
CH$LINK: INCHIKEY HEBKCHPVOIAQTA-UHFFFAOYSA-N
AC$INSTRUMENT: waters xevo g2 TOF
AC$INSTRUMENT_TYPE: ESI-TOF
AC$MASS_SPECTROMETRY: MS_TYPE MS2
AC$MASS_SPECTROMETRY: ION_MODE POSITIVE
AC$MASS_SPECTROMETRY: IONIZATION ESI
AC$MASS_SPECTROMETRY: COLLISION_ENERGY 0.6458333
AC$CHROMATOGRAPHY: COLUMN_NAME Acquity CSHC18
AC$CHROMATOGRAPHY: RETENTION_TIME 0.560 min
MS$FOCUSED_ION: BASE_PEAK 153.07647
MS$FOCUSED_ION: PRECURSOR_M/Z 153.07647
MS$FOCUSED_ION: PRECURSOR_TYPE [M+H]+
MS$DATA_PROCESSING: RECALIBRATE loess on assigned fragments and MS1
MS$DATA_PROCESSING: REANALYZE Peaks with additional N2/O included
MS$DATA_PROCESSING: WHOLE RMassBank 3.7.1
PK$SPLASH: splash10-01p9-1910000000-0cbfc6d6c85d47cfa6c2
PK$NUM_PEAK: 135
PK$PEAK: m/z int. rel.int.
  69.0347 13776 187
  72.9836 1351.5 18
  74.004 975 13
  83.0082 3106 42
  85.9744 2357.5 32
  87.028 2997.5 40
  89.9406 5892 80
  95.0076 6395 86
  95.9944 6282 85
  96.9618 8923 121
  97.9691 22829 310
  99.0102 25378 345
  100.0479 123 1
  100.9445 1132 15
  102.054 3020.5 41
  104.0132 4225 57
  105.0211 20721 281
  108.0153 2687 36
  110.0128 19732 268
  111.9611 11878 161
  112.9927 9098 123
  113.9952 19915.5 270
  114.9599 29521 401
  116.5287 123 1
  117.038 6403 87
  117.997 123 1
  119.0186 4931 67
  124.5157 123 1
  124.9563 4260 57
  126.0264 15188 206
  127.9561 6048 82
  128.9637 17293 235
  130.0081 381 5
  131.9889 30653.5 416
  135.0655 123 1
  136.0688 123 1
  137.9883 190 2
  139.9852 46681.5 634
  140.9966 4660.8 63
  141.5321 1349 18
  141.971 4812 65
  143.0012 4040 54
  144.959 7114 96
  145.9985 6796.5 92
  149.0181 123 1
  150.0184 123 1
  150.9958 273 3
  153.0243 394 5
  155.9733 1188 16
  158.0251 24197.5 329
  159.0537 10898 148
  160.0878 123 1
  160.9637 3619 49
  163.0454 3329 45
  164.0614 123 1
  164.5633 123 1
  169.9672 18079 245
  171.0024 5249 71
  172.0502 7116 96
  172.5521 123 1
  173.0146 123 1
  173.5518 123 1
  174.0127 725.5 9
  174.9987 5081.7 69
  175.9775 7290 99
  177.0634 123 1
  179.5375 123 1
  180.0364 123 1
  180.5379 123 1
  181.0098 354 4
  181.5384 123 1
  182.0348 123 1
  182.5351 123 1
  184.0083 3394 46
  186.9575 123 1
  187.9771 73444 999
  188.9829 8351 113
  195.0452 4177 56
  205.9893 4179 56
  206.9958 17709 240
  207.4978 123 1
  208.9945 4361 59
  214.9992 665 9
  217.1049 123 1
  219.0437 1186 16
  222.0046 123 1
  223.9983 12013 163
  225.0041 1495 20
  227.509 123 1
  232.0039 123 1
  237.029 2547 34
  238.0144 5314 72
  247.0148 123 1
  250.0139 2280 31
  251.0726 1366.5 18
  251.9935 123 1
  253 123 1
  255.0029 123 1
  262.014 26282 357
  263.0185 123 1
  266.0093 123 1
  267.016 4348 59
  283.9088 999 13
  284.9141 1603 21
  288.9905 1617 21
  292.0248 123 1
  293.0303 123 1
  302.1974 123 1
  309.4865 123 1
  309.9895 123 1
  314.9266 1481 20
  316.0411 123 1
  316.9417 5322 72
  320.9374 123 1
  329.1031 12316 167
  330.1063 1530 20
  343.0931 2839 38
  349.0593 123 1
  354.0628 123 1
  355.0666 123 1
  356.0613 123 1
  357.0704 803 10
  358.0563 5951 80
  359.0626 11498 156
  360.066 1193 16
  361.0646 2931 39
  363.0611 123 1
  373.94 123 1
  374.9443 869 11
  382.0117 123 1
  406.9676 123 1
  408.0008 1627 22
  422.97 123 1
  439.9668 123 1
  563.0388 123 1
//
