ACCESSION: MSBNK-mFam-MC11_000181
RECORD_TITLE: Vitexin; LC-ESI-QTOF; MS2; CE: 50eV;  [M-H]-
DATE: 2023.04.05
AUTHORS: Jörg Ziegler, Leibniz-Institute of Plant Biochemistry, Halle, Germany
LICENSE: CC BY
PUBLICATION: NA
COMMENT: CONFIDENCE Pure standard
CH$NAME: Vitexin
CH$COMPOUND_CLASS: Flavone
CH$FORMULA: C21H20O10
CH$EXACT_MASS: 432.1056
CH$SMILES: C1=CC(=CC=C1C2=CC(=O)C3=C(O2)C(=C(C=C3O)O)C4C(C(C(C(O4)CO)O)O)O)O
CH$IUPAC: InChI=1S/C21H20O10/c22-7-14-17(27)18(28)19(29)21(31-14)16-11(25)5-10(24)15-12(26)6-13(30-20(15)16)8-1-3-9(23)4-2-8/h1-6,14,17-19,21-25,27-29H,7H2
CH$LINK: INCHIKEY SGEWCQFRYRRZDC-UHFFFAOYSA-N
AC$INSTRUMENT: TIMS-TOF Pro, Bruker Daltonik; Elute UHPLC System, Bruker Daltonik
AC$INSTRUMENT_TYPE: LC-ESI-QTOF
AC$MASS_SPECTROMETRY: MS_TYPE MS2
AC$MASS_SPECTROMETRY: ION_MODE NEGATIVE
AC$MASS_SPECTROMETRY: IONIZATION ESI
AC$MASS_SPECTROMETRY: COLLISION_ENERGY 50eV
AC$CHROMATOGRAPHY: COLUMN_NAME Acquity CSHC18
AC$CHROMATOGRAPHY: RETENTION_TIME 5.085 min
MS$FOCUSED_ION: BASE_PEAK 431.0897
MS$FOCUSED_ION: PRECURSOR_M/Z 431.0897
MS$FOCUSED_ION: PRECURSOR_TYPE [M-H]-
MS$FOCUSED_ION: PRECURSOR_INTENSITY 256342.6
MS$DATA_PROCESSING: RECALIBRATE loess on assigned fragments and MS1
MS$DATA_PROCESSING: REANALYZE Peaks with additional N2/O included
MS$DATA_PROCESSING: WHOLE RMassBank 3.7.1
PK$SPLASH: splash10-03e9-0319500000-fa96894f9d3e9d273e8c
PK$NUM_PEAK: 145
PK$PEAK: m/z int. rel.int.
  39.501 145 1
  43.0177 113 1
  59.0127 358 3
  61.7124 597 6
  65.0029 546 5
  74.1001 184 1
  77.0387 2743 29
  78.0411 375 3
  79.0178 1614 17
  88.2337 401 4
  93.0337 3000 31
  94.0386 217 2
  95.0105 200 2
  103.4092 117 1
  105.0333 1883 19
  107.0107 152 1
  109.028 356 3
  114.2741 312 3
  117.0329 12615 133
  117.2803 137 1
  118.0363 1262 13
  119.0508 661 7
  120.0179 186 1
  121.0271 2249 23
  123.0056 197 2
  125.4183 221 2
  127.8615 137 1
  131.0115 325 3
  133.026 594 6
  135.0266 2016 21
  135.1934 111 1
  136.0472 388 4
  137.0218 690 7
  146.0376 262 2
  148.0144 249 2
  149.0232 2318 24
  150.9019 267 2
  155.6059 169 1
  158.1416 508 5
  159.0431 2569 27
  159.8833 186 1
  160.7438 289 3
  161.0218 4625 48
  161.6286 200 2
  162.0237 813 8
  162.5721 197 2
  163.0187 1814 19
  164.0086 373 3
  165.0158 430 4
  166.3248 288 3
  169.3541 230 2
  171.0779 167 1
  173.0199 488 5
  175.0021 189 2
  181.9637 881 9
  184.2337 226 2
  185.6103 523 5
  187.9872 351 3
  191.0118 302.5 3
  192.3904 217 2
  193.5315 466 4
  195.0788 506 5
  196.0645 226 2
  197.0238 284 3
  200.0787 195 2
  202.5889 173 1
  204.039 213 2
  205.2796 134 1
  208.4067 377 3
  209.4574 224 2
  211.0715 484 5
  212.0462 414 4
  215.0692 258 2
  216.2293 302 3
  217.7134 232 2
  219.5668 364 3
  221.0553 163 1
  224.5242 267 2
  227.038 171 1
  227.994 171 1
  234.4216 147 1
  235.8553 247 2
  239.0674 791 8
  241.612 263 2
  243.0626 189 2
  245.4825 223 2
  247.0215 321 3
  249.1499 193 2
  256.3338 126 1
  260.1216 215 2
  264.8166 295 3
  267.9175 276 2
  268.4985 202 2
  272.0393 262 2
  275.067 169 1
  279.2301 161 1
  282.0458 134 1
  283.0555 2486 26
  283.7749 208 2
  284.0618 400 4
  284.5483 152 1
  285.0619 485 5
  286.2558 302 3
  293.0367 612 6
  295.395 256 2
  307.428 301 3
  310.0738 173 1
  310.9435 208 2
  311.0519 94312 999
  311.2132 226 2
  311.3273 272 2
  311.5499 428 4
  311.6789 251 2
  311.8951 253 2
  312.0302 5328 56
  312.2878 204 2
  312.4188 157 1
  312.5777 139 1
  313.0545 1766 18
  313.3308 217 2
  314.0625 134 1
  315.3575 128 1
  323.0478 582 6
  324.0518 174 1
  325.0489 148 1
  341.061 7667 81
  341.4717 134 1
  342.0634 1249 13
  343.0615 109 1
  352.5474 165 1
  355.5825 104 1
  366.9917 109 1
  377.064 275 2
  385.2429 178 1
  396.587 323 3
  406.5778 147 1
  415.0851 276 2
  430.0231 139 1
  430.8082 183 1
  430.9336 323 3
  431.0733 73059.5 773
  431.2992 406.5 4
  431.3876 480 5
  431.4761 297 3
  431.5416 554 5
//
