ACCESSION: MSBNK-mFam-MC02_000779
RECORD_TITLE: Hippuric acid; ESI-TOF; MS2; CE: 6.0000000;  [M+H]+
DATE: 2023.03.06
AUTHORS: C. Broeckling, Colorado State University Proteomics and Metabolomics Facility
LICENSE: CC BY
PUBLICATION: Broeckling CD;Ganna A;Layer M;Brown K;Sutton B;Ingelsson E;Peers G;Prenni JE; (n.d.). Enabling efficient and confident annotation of LC-MS metabolomics data through MS1 Spectrum and time prediction. Analytical chemistry.
COMMENT: CONFIDENCE Pure standard
CH$NAME: Hippuric acid
CH$COMPOUND_CLASS: NA
CH$FORMULA: C9H9NO3
CH$EXACT_MASS: 179.05824
CH$SMILES: OC(=O)CNC(=O)C1=CC=CC=C1
CH$IUPAC: InChI=1S/C9H9NO3/c11-8(12)6-10-9(13)7-4-2-1-3-5-7/h1-5H,6H2,(H,10,13)(H,11,12)
CH$LINK: INCHIKEY QIAFMBKCNZACKA-UHFFFAOYSA-N
AC$INSTRUMENT: waters xevo g2 TOF
AC$INSTRUMENT_TYPE: ESI-TOF
AC$MASS_SPECTROMETRY: MS_TYPE MS2
AC$MASS_SPECTROMETRY: ION_MODE POSITIVE
AC$MASS_SPECTROMETRY: IONIZATION ESI
AC$MASS_SPECTROMETRY: COLLISION_ENERGY 6.0000000
AC$CHROMATOGRAPHY: COLUMN_NAME Acquity CSHC18
AC$CHROMATOGRAPHY: RETENTION_TIME 1.997 min
MS$FOCUSED_ION: BASE_PEAK 180.06624
MS$FOCUSED_ION: PRECURSOR_M/Z 180.06624
MS$FOCUSED_ION: PRECURSOR_TYPE [M+H]+
MS$DATA_PROCESSING: RECALIBRATE loess on assigned fragments and MS1
MS$DATA_PROCESSING: REANALYZE Peaks with additional N2/O included
MS$DATA_PROCESSING: WHOLE RMassBank 3.7.1
PK$SPLASH: splash10-0zgi-0962300000-b23a283c671ff1cd6422
PK$NUM_PEAK: 126
PK$PEAK: m/z int. rel.int.
  77.0396 29262 18
  78.0435 1584 1
  96.9617 23326 15
  105.0343 1384306 891
  106.0512 61806 39
  107.0565 3933 2
  113.9869 7770 5
  127.9798 36458 23
  134.0607 41839 26
  142.0344 2053 1
  146.0137 3106 1
  152.0712 9876 6
  155.0132 7543 4
  162.0216 45468.5 29
  163.0334 4481.5 2
  180.0816 934983 601
  181.0693 108105 69
  182.1432 10140 6
  185.0742 5751 3
  186.0745 67774 43
  187.0778 3391 2
  191.0029 16942 10
  202.0481 1552083 999
  203.0272 88403 56
  204.0524 18862 12
  208.0045 8848 5
  209.0132 8843 5
  218.063 18672 12
  221.0174 24254 15
  222.0187 6275 4
  223.0267 3778 2
  224.0301 18475 11
  231.022 17776 11
  232.0289 11908 7
  233.0233 15669 10
  233.9852 7414 4
  234.9941 23151 14
  236.0233 5303 3
  248.0394 2267 1
  250.0369 11423 7
  251.0881 7161.5 4
  259.0396 6112 3
  265.0084 7973 5
  273.1324 22804 14
  279.9901 9258 5
  283.1758 1635 1
  293.0791 6432 4
  309.0623 3718.5 2
  310.0689 25947 16
  315.0267 3580 2
  315.5267 5700 3
  323.5154 5356 3
  324.0569 12064 7
  325.0629 29868 19
  326.0671 6448 4
  327.0643 4849 3
  335.1001 2780 1
  338.0591 3634 2
  340.0516 64962 41
  341.0538 6232 4
  353.0809 5872 3
  363.1612 2065 1
  364.0514 4960 3
  368.0454 23879 15
  369.0528 10202 6
  371.0538 46314 29
  372.0561 8012 5
  373.0503 15842 10
  381.0942 21804 14
  382.0955 6649 4
  383.0827 85221 54
  384.0866 15886 10
  397.0709 352460 226
  398.0743 78407 50
  399.0753 12172 7
  401.0634 8487 5
  403.0872 12619 8
  404.5525 10123 6
  405.0612 4848 3
  408.0416 8339 5
  409.0437 2119 1
  410.0391 30937 19
  411.0458 15876 10
  412.0365 440075 283
  413.0412 246647 158
  414.0412 55542 35
  415.0444 84125 54
  416.0467 18762 12
  417.0401 33538 21
  418.0408 6570 4
  419.0443 5910 3
  421.0392 1744 1
  432.0186 3117 2
  435.0233 5443 3
  440.0078 2933 1
  520.5426 2639 1
  560.1554 4447 2
  576.1294 111382 71
  577.1322 36615 23
  578.1333 7767 4
  589.0941 3423 2
  591.0948 66056 42
  592.0982 24975 16
  593.0987 6097 3
  594.1003 16329 10
  596.0999 6384 4
  598.1048 5250 3
  611.0812 1768 1
  613.0756 40393 25
  614.0764 9500 6
  615.0784 4398 2
  629.0464 3769 2
  630.0498 11289 7
  646.0225 3945 2
  647.0283 1690 1
  674.0146 3484 2
  785.1585 3839 2
  808.0956 5756 3
  809.094 2003 1
  814.1136 40951 26
  815.1157 17680 11
  816.1209 3402 2
  823.0651 4857 3
  824.0699 4296 2
  826.0718 3352 2
  1015.1483 2895 1
//
