ACCESSION: MSBNK-mFam-MC21_000761
RECORD_TITLE: 3',4',5,7-Tetrahydroxyflavone; LC-ESI-QTOF; MS2; CE: 15.00;  [M-H]-
DATE: 2023.04.03
AUTHORS: Stefanie Doell IPB
LICENSE: CC BY
PUBLICATION: Döll, S., Farahani-Kofoet, R. D., Zrenner, R., Henze, A. & Witzel, K. (2021) Tissue-specific signatures of metabolites and proteins in asparagus roots and exudates. Horticulture Research.
COMMENT: CONFIDENCE Pure standard
CH$NAME: 3',4',5,7-Tetrahydroxyflavone
CH$COMPOUND_CLASS: NA
CH$FORMULA: C15H10O6
CH$EXACT_MASS: 286.0477
CH$SMILES: C1=CC(=C(C=C1C2=CC(=O)C3=C(C=C(C=C3O2)O)O)O)O
CH$IUPAC: InChI=1S/C15H10O6/c16-8-4-11(19)15-12(20)6-13(21-14(15)5-8)7-1-2-9(17)10(18)3-7/h1-6,16-19H
CH$LINK: INCHIKEY IQPNAANSBPBGFQ-UHFFFAOYSA-N
AC$INSTRUMENT: Bruker MicrOTOF-Q
AC$INSTRUMENT_TYPE: LC-ESI-QTOF
AC$MASS_SPECTROMETRY: MS_TYPE MS2
AC$MASS_SPECTROMETRY: ION_MODE NEGATIVE
AC$MASS_SPECTROMETRY: IONIZATION ESI
AC$MASS_SPECTROMETRY: COLLISION_ENERGY 15.00
AC$CHROMATOGRAPHY: COLUMN_NAME Acquity CSHC18
AC$CHROMATOGRAPHY: RETENTION_TIME NA
MS$FOCUSED_ION: BASE_PEAK 285.0405
MS$FOCUSED_ION: PRECURSOR_M/Z 285.0405
MS$FOCUSED_ION: PRECURSOR_TYPE [M-H]-
MS$DATA_PROCESSING: RECALIBRATE loess on assigned fragments and MS1
MS$DATA_PROCESSING: REANALYZE Peaks with additional N2/O included
MS$DATA_PROCESSING: WHOLE RMassBank 3.7.1
PK$SPLASH: splash10-000i-2491000000-a1a33a44429f10693ccf
PK$NUM_PEAK: 236
PK$PEAK: m/z int. rel.int.
  45.3904 27.7 14
  46.4082 49.5 26
  47.0472 23.5 12
  47.7561 32.2 17
  49.2415 36 19
  50.6243 28.5 15
  51.3785 21 11
  52.0655 33.8 18
  52.8367 42 22
  53.2712 26 13
  54.2242 32.3 17
  55.1798 35.8 19
  55.8717 27 14
  56.4121 30.5 16
  57.3571 33.7 17
  58.7404 33.7 17
  60.4039 30.8 16
  61.1681 28.5 15
  61.9009 36 19
  63.6376 29.5 15
  65.5687 45.9 24
  66.6232 32.5 17
  68.1061 26.5 14
  68.7412 33 17
  69.3421 32.5 17
  71.0473 29.7 15
  73.3837 38.3 20
  75.8797 31 16
  77.8718 30.8 16
  79.3987 27.2 14
  80.4478 32.3 17
  81.0039 38.5 20
  81.4603 29 15
  82.1091 29.7 15
  82.6565 30 16
  83.7307 27.5 14
  84.9239 41 21
  85.6584 35.7 19
  86.4194 38 20
  87.405 26.5 14
  89.1435 34.8 18
  90.8072 36.2 19
  92.4119 35 18
  93.3672 31.5 16
  95.2802 30.6 16
  97.1474 31.4 16
  98.4534 35.7 19
  99.6047 28.5 15
  100.9401 37.6 20
  102.021 50 26
  102.7097 35.7 19
  103.6558 34.8 18
  105.0142 33 17
  105.9985 28 14
  106.5055 33 17
  107.1857 37.7 20
  108.7493 27.6 14
  109.465 29 15
  111.5138 30.5 16
  113.697 31 16
  114.1487 49 26
  114.6345 32.5 17
  116.1819 33.1 17
  117.6643 38.5 20
  118.7567 39.6 21
  120.1054 35.7 19
  120.9276 44 23
  121.6678 29.8 15
  123.0153 33.5 17
  125.2279 30.7 16
  126.5197 36 19
  127.1326 30 16
  127.6624 49 26
  128.7396 33.9 18
  130.2935 30.8 16
  131.4457 33 17
  132.6638 278 148
  133.7095 56.7 30
  134.6156 26 13
  135.5205 31.6 16
  136.4651 21.5 11
  137.1801 27 14
  138.2529 35.6 19
  139.371 27 14
  140.0488 36 19
  140.9039 35.8 19
  142.3842 41.2 21
  144.0932 36.6 19
  145.5286 22 11
  146.1898 41 21
  146.9319 41 21
  147.8573 42.4 22
  150.4146 106 56
  152.8974 36.2 19
  155.0054 32.5 17
  157.2955 41.7 22
  159.3584 36.3 19
  161.3815 32.2 17
  163.6994 36.2 19
  164.8519 25 13
  166.6179 41 21
  167.9742 36 19
  170.3609 32.3 17
  173.6811 42.7 22
  178.3679 51.2 27
  182.3388 35.5 18
  183.7116 34 18
  184.9419 74 39
  187.9459 38.4 20
  190.4556 20 10
  191.5992 34.6 18
  192.8335 35.8 19
  197.0083 198.9 106
  201.3605 194.8 103
  206.1534 34.9 18
  210.0133 26 13
  210.8809 61.5 32
  212.5458 122.1 65
  214.1015 112 59
  215.3426 113 60
  217.1534 577 307
  218.0506 326 173
  218.8923 26.1 13
  221.5675 39.4 21
  223.0376 488 260
  223.8265 61.8 32
  225.1969 40.1 21
  226.3338 92.5 49
  227.2695 64 34
  229.4242 63.8 34
  232.2256 38.2 20
  234.099 27.6 14
  235.3218 39.5 21
  236.2661 43.2 23
  237.5078 28 14
  241.1554 206.6 110
  246.5794 33.8 18
  249.7624 32.6 17
  251.2079 35.5 18
  251.8157 36 19
  252.7326 25 13
  254.6399 52.9 28
  257.592 143.5 76
  259.3575 31 16
  260.1911 43 22
  263.1844 36.3 19
  265.2635 25.2 13
  266.2074 48 25
  267.4414 182.3 97
  268.5305 38 20
  269.1871 31.7 16
  270.4563 36.7 19
  271.6892 26 13
  272.4402 33 17
  273.2843 32.5 17
  274.0556 32 17
  275.5471 30 16
  277.184 38 20
  277.9701 111 59
  279.0575 46.5 24
  279.9777 23 12
  280.5352 38.5 20
  281.7543 28.2 15
  287.4901 1871.8 999
  293.5708 36 19
  295.0902 44 23
  296.1344 24 12
  297.8784 21 11
  298.3659 22.5 12
  298.8656 30 16
  299.8443 30 16
  300.6169 25 13
  303.4287 20.7 11
  304.5381 22 11
  305.5049 36 19
  306.1048 39 20
  307.5348 20 10
  308.8972 37 19
  313.7145 26 13
  314.1973 41 21
  327.6393 24 12
  329.133 32.5 17
  339.4457 36 19
  341.5012 22 11
  342.2083 46 24
  367.3042 24 12
  368.8496 45 24
  380.5272 48 25
  381.3326 30 16
  383.6577 33 17
  388.8811 53 28
  399.4527 43 22
  406.7677 38 20
  409.1514 38 20
  416.1937 30 16
  419.7892 27 14
  425.7008 34 18
  429.6531 30 16
  430.1611 22 11
  439.0821 41 21
  442.7221 37 19
  448.9261 46 24
  457.8882 21 11
  460.5308 30 16
  465.287 54 28
  469.457 32 17
  473.1756 46 24
  476.3138 40 21
  495.3526 34 18
  499.6228 26 13
  512.8594 50 26
  515.6703 21 11
  530.014 24 12
  539.6457 34 18
  543.8577 23 12
  548.7886 29 15
  555.9895 41 21
  569.5291 20 10
  570.5543 22 11
  581.6778 20 10
  587.2031 27 14
  621.6069 24 12
  626.9226 37 19
  633.9779 23 12
  634.72 32 17
  702.8182 36 19
  743.6244 30 16
  760.1987 27 14
  764.5448 38 20
  772.1909 22 11
  803.1012 51 27
  821.3767 23 12
  822.0753 34 18
  838.2993 37 19
  854.5545 29 15
  926.2918 25 13
//
