ACCESSION: MSBNK-mFam-MC02_000786
RECORD_TITLE: Salicyluric acid; ESI-TOF; MS2; CE: 0.6458333;  [M+H]+
DATE: 2023.03.06
AUTHORS: C. Broeckling, Colorado State University Proteomics and Metabolomics Facility
LICENSE: CC BY
PUBLICATION: Broeckling CD;Ganna A;Layer M;Brown K;Sutton B;Ingelsson E;Peers G;Prenni JE; (n.d.). Enabling efficient and confident annotation of LC-MS metabolomics data through MS1 Spectrum and time prediction. Analytical chemistry.
COMMENT: CONFIDENCE Pure standard
CH$NAME: Salicyluric acid
CH$COMPOUND_CLASS: NA
CH$FORMULA: C9H9NO4
CH$EXACT_MASS: 195.05316
CH$SMILES: OC(=O)CNC(=O)C1=CC=CC=C1O
CH$IUPAC: InChI=1S/C9H9NO4/c11-7-4-2-1-3-6(7)9(14)10-5-8(12)13/h1-4,11H,5H2,(H,10,14)(H,12,13)
CH$LINK: INCHIKEY ONJSZLXSECQROL-UHFFFAOYSA-N
AC$INSTRUMENT: waters xevo g2 TOF
AC$INSTRUMENT_TYPE: ESI-TOF
AC$MASS_SPECTROMETRY: MS_TYPE MS2
AC$MASS_SPECTROMETRY: ION_MODE POSITIVE
AC$MASS_SPECTROMETRY: IONIZATION ESI
AC$MASS_SPECTROMETRY: COLLISION_ENERGY 0.6458333
AC$CHROMATOGRAPHY: COLUMN_NAME Acquity CSHC18
AC$CHROMATOGRAPHY: RETENTION_TIME 2.163 min
MS$FOCUSED_ION: BASE_PEAK 196.06116
MS$FOCUSED_ION: PRECURSOR_M/Z 196.06116
MS$FOCUSED_ION: PRECURSOR_TYPE [M+H]+
MS$DATA_PROCESSING: RECALIBRATE loess on assigned fragments and MS1
MS$DATA_PROCESSING: REANALYZE Peaks with additional N2/O included
MS$DATA_PROCESSING: WHOLE RMassBank 3.7.1
PK$SPLASH: splash10-0fk9-0498300000-0f4146ae99c34c90666a
PK$NUM_PEAK: 200
PK$PEAK: m/z int. rel.int.
  94.0368 4214 36
  95.9732 715 6
  96.9617 117 1
  100.9907 117 1
  113.9868 6275 54
  121.1393 114634.7 999
  122.0327 28302 246
  123.0126 3320 28
  124.9539 117 1
  127.037 5110 44
  127.9798 117 1
  143.0249 117 1
  144.0137 117 1
  147.0266 117 1
  147.9608 8396 73
  150.055 3200 27
  152.9632 1135 9
  155.0132 117 1
  157.0367 627.5 5
  157.9921 38405 334
  170.1174 117 1
  172.0074 1572 13
  174.989 4091 35
  176.9867 41678 363
  178.0855 117 1
  178.9648 5247 45
  181.9926 117 1
  186.2227 618 5
  187.0031 638 5
  188.0029 8354 72
  190.0174 2056 17
  191.9777 1227 10
  196.0608 6729 58
  197.0672 117 1
  198.0662 117 1
  202.0436 1804 15
  203.075 117 1
  203.9747 32743 285
  204.9818 15671 136
  205.9868 117 1
  210.1103 117 1
  213.1127 117 1
  214.9998 1199 10
  215.9976 85332 743
  216.9919 4151 36
  218.042 7866 68
  219.0396 117 1
  220.048 117 1
  222.0547 1538.5 13
  222.994 946 8
  224.1184 1088 9
  228.0392 958 8
  228.9835 1474 12
  231.9695 18212 158
  234.0082 88704 773
  235.9834 1022.5 8
  239.033 3344 29
  242.049 867.5 7
  245.0324 3586 31
  246.0085 117 1
  248.0173 117 1
  248.9731 11097 96
  249.9797 53389 465
  250.984 8024 69
  251.9807 67693 589
  252.9833 8004 69
  253.9764 27070 235
  254.9761 3616 31
  256.021 117 1
  266.0306 117 1
  269.9921 117 1
  272.0363 117 1
  273.0656 117 1
  274.1347 117 1
  276.0532 703 6
  276.9675 117 1
  279.0067 18125 157
  280.0102 4662 40
  280.9983 3595 31
  282.0054 645 5
  283.0102 117 1
  284.0328 1164 10
  286.0238 1520.7 13
  290.0186 117 1
  291.0182 117 1
  295.0078 528 4
  295.9794 2558 22
  297.0082 17993 156
  298.0131 9965 86
  299.0432 6645 57
  300.0266 1634 14
  301.1233 117 1
  307.0017 1632 14
  309.0391 14194 123
  310.0443 117 1
  312.0476 9408 81
  312.9804 6819 59
  314.1048 1460 12
  315.0396 851 7
  319.0328 2656 23
  320.0431 117 1
  323.0385 3515.5 30
  323.9964 64291 560
  325.0148 26222 228
  326.0119 11935 104
  327.0064 117 1
  330.0347 12552 109
  331.0409 1502 13
  333.0764 117 1
  337.0165 5872 51
  341.0398 21706 189
  342.0042 16564 144
  343.0131 26048 226
  345.2424 117 1
  351.9945 17987 156
  353.0181 9099 79
  354.0288 45966 400
  355.0326 16114 140
  358.0423 8702 75
  367.0048 1156 10
  369.0297 24960 217
  370.0002 15262 133
  371.1138 1767 15
  381.0147 4028 35
  382.0241 3411 29
  387.0435 33905.5 295
  388.0454 6880.5 59
  389.0074 1973 17
  398.0337 28414 247
  399.0278 34625 301
  400.0323 7713 67
  401.0351 2193 19
  408.0045 2023 17
  409.0653 117 1
  413.0839 117 1
  414.0853 117 1
  415.0723 17571 153
  416.0759 117 1
  417.0777 117 1
  420.0745 18255 159
  421.0454 888.5 7
  422.09 2958 25
  426.0792 10212 88
  427.0163 2484 21
  429.0605 26266 228
  430.0637 117 1
  431.0656 117 1
  433.0546 117 1
  437.1458 3563.5 31
  440.0311 117 1
  441.0334 117 1
  442.0309 2544 22
  443.0361 117 1
  444.0257 58497 509
  445.0293 15995 139
  446.0324 117 1
  447.0323 1269 11
  448.0365 117 1
  449.03 117 1
  450.0702 1798 15
  451.1105 117 1
  453.0256 117 1
  454.0306 117 1
  456.0248 6508 56
  457.0272 1835 15
  458.0314 117 1
  459.2783 117 1
  464.0104 117 1
  465.0726 117 1
  466.0415 961 8
  467.0446 753 6
  468.0804 937 8
  470.077 117 1
  472.0781 117 1
  482.1179 3089.5 26
  497.9471 5832 50
  498.9529 13435 117
  499.9485 8620 75
  500.9527 2462 21
  501.9413 2439 21
  507.1351 117 1
  511.2658 117 1
  520.3306 117 1
  525.2873 4118 35
  526.2916 802 6
  529.981 117 1
  550.0271 117 1
  571.96 1231 10
  608.1272 117 1
  624.1152 117 1
  648.0741 117 1
  663.0412 1765.5 15
  677.024 117 1
  689.9926 1154 10
  691.9896 11089 96
  692.9943 3620 31
  693.9918 754 6
  695.0007 117 1
  696.0024 117 1
  698.067 117 1
//
