ACCESSION: MSBNK-mFam-MC21_000245
RECORD_TITLE: Procyanidin B2; LC-ESI-QTOF; MS2; CE: 31.54;  [M-H]-
DATE: 2023.03.23
AUTHORS: Stefanie Doell IPB
LICENSE: CC BY
PUBLICATION: Döll, S., Farahani-Kofoet, R. D., Zrenner, R., Henze, A. & Witzel, K. (2021) Tissue-specific signatures of metabolites and proteins in asparagus roots and exudates. Horticulture Research.
COMMENT: CONFIDENCE Pure standard
CH$NAME: Procyanidin B2
CH$COMPOUND_CLASS: NA
CH$FORMULA: C30H26O12
CH$EXACT_MASS: 578.1424
CH$SMILES: C1C(C(OC2=C1C(=CC(=C2C3C(C(OC4=CC(=CC(=C34)O)O)C5=CC(=C(C=C5)O)O)O)O)O)C6=CC(=C(C=C6)O)O)O
CH$IUPAC: InChI=1S/C30H26O12/c31-13-7-20(37)24-23(8-13)41-29(12-2-4-16(33)19(36)6-12)27(40)26(24)25-21(38)10-17(34)14-9-22(39)28(42-30(14)25)11-1-3-15(32)18(35)5-11/h1-8,10,22,26-29,31-40H,9H2
CH$LINK: INCHIKEY XFZJEEAOWLFHDH-UHFFFAOYSA-N
AC$INSTRUMENT: Bruker MicrOTOF-Q
AC$INSTRUMENT_TYPE: LC-ESI-QTOF
AC$MASS_SPECTROMETRY: MS_TYPE MS2
AC$MASS_SPECTROMETRY: ION_MODE NEGATIVE
AC$MASS_SPECTROMETRY: IONIZATION ESI
AC$MASS_SPECTROMETRY: COLLISION_ENERGY 31.54
AC$CHROMATOGRAPHY: COLUMN_NAME Acquity CSHC18
AC$CHROMATOGRAPHY: RETENTION_TIME NA
MS$FOCUSED_ION: BASE_PEAK 577.1351
MS$FOCUSED_ION: PRECURSOR_M/Z 577.1351
MS$FOCUSED_ION: PRECURSOR_TYPE [M-H]-
MS$DATA_PROCESSING: RECALIBRATE loess on assigned fragments and MS1
MS$DATA_PROCESSING: REANALYZE Peaks with additional N2/O included
MS$DATA_PROCESSING: WHOLE RMassBank 3.7.1
PK$SPLASH: splash10-0ul9-0492000000-c89ea09b735f2110e785
PK$NUM_PEAK: 241
PK$PEAK: m/z int. rel.int.
  49.7527 125 10
  55.5622 103 8
  59.2734 110 9
  62.0332 132 11
  66.3405 104 8
  70.0404 101 8
  97.0293 207 17
  107.0429 109 9
  108.0176 156 13
  109.0291 3446 297
  110.0382 287 24
  119.2465 102 8
  121.0285 848 73
  122.0381 426 36
  122.9973 1761.5 152
  124.8178 3098.8 267
  126.0278 3288 283
  127.0292 148 12
  131.0484 162 13
  132.021 194 16
  133.0279 762 65
  135.231 413.5 35
  136.0237 113 9
  136.9917 4662 402
  138.0861 362 31
  139.0382 1041 89
  143.0519 134 11
  145.0319 279 24
  146.033 199 17
  148.0443 103 8
  149.0232 2441 210
  150.0296 797 68
  151.0387 7706 665
  152.0403 720 62
  153.0472 171 14
  159.0441 620 53
  160.1301 232.5 20
  160.828 8308 717
  161.9621 1212.5 104
  162.9477 968.5 83
  164.011 2156 186
  164.957 2653 229
  166.1849 327 28
  167.0336 1555 134
  172.0522 116 10
  173.0456 163 14
  174.0361 236 20
  175.0382 5774 498
  176.0442 795 68
  177.0194 3896 336
  178.0291 760 65
  178.9983 3044.5 262
  180.0384 788 68
  181.0477 337 29
  183.0416 263 22
  184.0493 110 9
  185.0595 863 74
  186.0015 326.5 28
  187.0386 7970 687
  188.0458 3926 338
  189.0499 1387 119
  190.0267 523 45
  191.0344 880 75
  192.0374 171 14
  193.047 1865 160
  194.0534 101 8
  195.0429 145 12
  196.044 138 11
  197.0609 312 26
  198.032 166 14
  199.0665 809 69
  200.0426 329 28
  200.5191 104 8
  201.05 3166 273
  202.0603 2385 205
  202.9464 7435 641
  203.4851 114 9
  204.5133 4677 403
  205.5892 115 9
  206.1578 1294.5 111
  207.029 899 77
  208.0383 159 13
  209.0565 241 20
  211.0356 967 83
  212.0455 1140 98
  213.0521 1506 130
  214.0331 489 42
  215.0367 3901 336
  216.0366 972 83
  217.0529 4917 424
  218.0465 520 44
  219.0466 1901 164
  219.48 104 8
  220.0391 462 39
  221.0366 2579.5 222
  222.0833 667 57
  223.0753 264 22
  225.0554 1213 104
  226.0574 227 19
  227.0666 5767 497
  227.9815 522.5 45
  228.9454 2776.3 239
  230.0552 3456 298
  231.0409 3495 301
  232.0342 732 63
  233.0471 458 39
  234.0484 108 9
  235.0655 189 16
  237.0574 444 38
  238.0601 121 10
  239.0438 381 32
  240.0449 265 22
  241.0522 1100 94
  242.0501 536 46
  243.1861 2982.5 257
  244.0447 463.8 40
  245.602 7926.2 684
  246.8731 1660.5 143
  248.0637 774 66
  249.0595 294 25
  252.0472 168 14
  253.0518 2264 195
  254.0588 539 46
  254.9441 5845.5 504
  255.9692 5390.5 465
  256.9728 3002 259
  258.0507 1217 105
  259.0581 2179 188
  260.0008 249.5 21
  261.0446 609 52
  262.0581 190 16
  263.0847 142 12
  265.056 292 25
  266.0606 208 17
  267.0632 693 59
  268.0666 281 24
  269.0453 5220 450
  270.0457 1136 98
  271.061 4665 402
  272.0655 1085 93
  273.0391 11573 999
  274.0433 2331 201
  275.0497 1237 106
  276.0623 153 13
  277.078 468 40
  278.0743 149 12
  279.0586 453 39
  279.9932 225.5 19
  281.0434 10636 918
  282.0422 2077 179
  283.0255 5018 433
  284.0313 2816 243
  284.9657 5378 464
  286.0448 2129 183
  286.6136 113 9
  287.0533 2466 212
  289.24 4679.1 403
  292.0749 332 28
  293.0664 169 14
  294.0752 125 10
  295.0962 768 66
  296.0783 174 15
  296.9398 1850 159
  298.0499 1759 151
  299.0538 2996 258
  300.0559 607 52
  301.0689 1213 104
  302.0652 242 20
  303.06 294 25
  307.06 212 18
  308.0527 138 11
  309.0626 390 33
  310.0473 327 28
  311.0542 667 57
  312.0603 212 18
  313.095 509 43
  315.0846 4145 357
  316.0896 1032 89
  317.0666 212 18
  319.0786 182 15
  320.068 164 14
  321.0724 1097 94
  322.075 351 30
  323.0661 271 23
  324.0527 273 23
  325.0774 193 16
  327.0756 770 66
  328.0538 1346 116
  329.0628 2882 248
  330.0646 290 25
  331.0799 636 54
  332.0785 129 11
  333.0806 105 9
  335.0737 173 14
  337.1037 351 30
  338.0741 146 12
  338.9992 10927.5 943
  340.0889 4571 394
  341.0717 2209 190
  342.0679 407 35
  343.0575 119 10
  345.0716 230 19
  348.0735 117 10
  353.0628 206 17
  357.0927 2910 251
  358.0968 629 54
  359.102 103 8
  362.0815 121 10
  363.0848 1857 160
  364.0866 464 40
  365.0921 414 35
  366.1012 141 12
  367.0778 415 35
  369.0907 207 17
  370.0912 142 12
  371.0929 143 12
  375.0638 144 12
  379.0876 154 13
  381.154 2026.5 174
  382.0971 1155 99
  383.0852 857 73
  384.0994 301 25
  387.0564 101 8
  389.0666 1622 140
  390.0679 358 30
  391.085 223 19
  393.0844 183 15
  405.0913 180 15
  405.6701 135 11
  407.7292 5793 500
  410.0821 500 43
  415.0635 105 9
  419.0731 251 21
  420.0871 107 9
  425.0829 1246 107
  426.0865 422 36
  433.0856 259 22
  437.076 129 11
  449.1037 108 9
  451.1053 459 39
  452.1048 165 14
//
