ACCESSION: MSBNK-mFam-MC02_000651
RECORD_TITLE: 4-Methylcatechol; ESI-TOF; MS2; CE: 6.0000000;  [M+H]+
DATE: 2023.03.06
AUTHORS: C. Broeckling, Colorado State University Proteomics and Metabolomics Facility
LICENSE: CC BY
PUBLICATION: Broeckling CD;Ganna A;Layer M;Brown K;Sutton B;Ingelsson E;Peers G;Prenni JE; (n.d.). Enabling efficient and confident annotation of LC-MS metabolomics data through MS1 Spectrum and time prediction. Analytical chemistry.
COMMENT: CONFIDENCE Pure standard
CH$NAME: 4-Methylcatechol
CH$COMPOUND_CLASS: NA
CH$FORMULA: C7H8O2
CH$EXACT_MASS: 124.05243
CH$SMILES: CC1=CC(O)=C(O)C=C1
CH$IUPAC: InChI=1S/C7H8O2/c1-5-2-3-6(8)7(9)4-5/h2-4,8-9H,1H3
CH$LINK: INCHIKEY ZBCATMYQYDCTIZ-UHFFFAOYSA-N
AC$INSTRUMENT: waters xevo g2 TOF
AC$INSTRUMENT_TYPE: ESI-TOF
AC$MASS_SPECTROMETRY: MS_TYPE MS2
AC$MASS_SPECTROMETRY: ION_MODE POSITIVE
AC$MASS_SPECTROMETRY: IONIZATION ESI
AC$MASS_SPECTROMETRY: COLLISION_ENERGY 6.0000000
AC$CHROMATOGRAPHY: COLUMN_NAME Acquity CSHC18
AC$CHROMATOGRAPHY: RETENTION_TIME 2.167 min
MS$FOCUSED_ION: BASE_PEAK 125.06043
MS$FOCUSED_ION: PRECURSOR_M/Z 125.06043
MS$FOCUSED_ION: PRECURSOR_TYPE [M+H]+
MS$DATA_PROCESSING: RECALIBRATE loess on assigned fragments and MS1
MS$DATA_PROCESSING: REANALYZE Peaks with additional N2/O included
MS$DATA_PROCESSING: WHOLE RMassBank 3.7.1
PK$SPLASH: splash10-0uk9-0912000000-43da5605567197d808bb
PK$NUM_PEAK: 274
PK$PEAK: m/z int. rel.int.
  67.0556 29844 14
  77.0398 8006 3
  78.0471 3450 1
  79.0549 14094 6
  94.0417 2880 1
  95.0045 370302.5 174
  96.0101 26841.5 12
  97.0092 12940 6
  98.5126 2985 1
  101.0264 2654.5 1
  101.5134 2531 1
  105.023 5576 2
  106.0423 7956 3
  107.0499 135023 63
  108.0347 4196.5 1
  109.0469 11142 5
  110.0366 3600 1
  110.5188 6812.5 3
  112.048 4730 2
  113.9905 19517.5 9
  116.0157 6935 3
  118.5055 7787 3
  122.0046 11441.5 5
  123.1768 1631763.7 769
  124.0161 609517.5 287
  125.0152 112710 53
  125.5243 13007 6
  126.021 8321 3
  127.0575 7474 3
  128.021 15975 7
  129.0547 42199 19
  129.5147 2423 1
  130.0149 9361 4
  130.5225 2803 1
  131.0157 4391 2
  132.0078 2281.5 1
  133.5106 3545 1
  134.0297 7877 3
  134.5327 5503 2
  135.9937 15246 7
  136.5099 2758 1
  137.0602 200605 94
  138.0638 18575 8
  139.0344 17911 8
  140.0374 3468.5 1
  140.9632 2420 1
  142.2213 105184.3 49
  143.0714 12547 5
  143.5429 5282 2
  144.0345 7785 3
  144.515 4618 2
  145.0179 747414 352
  145.9944 40338 19
  147.0453 8314 3
  147.9838 5648 2
  148.5354 22082 10
  149.0086 7874 3
  149.5071 41922 19
  149.9912 114352 53
  150.5074 40997 19
  151.0242 351370 165
  151.5263 58095 27
  152.0124 17567.5 8
  152.5054 3862 1
  153.0553 2117446 999
  154.012 131997 62
  154.5439 7520 3
  154.9955 2581 1
  156.0742 22868 10
  156.5212 34150 16
  157.0656 10914.5 5
  158.0224 7722 3
  158.5125 33620 15
  159.0398 58661 27
  159.5195 26569 12
  160.0385 48668 22
  160.5134 9111 4
  161.0259 10266.5 4
  161.9994 31956 15
  162.5324 142264 67
  163.0071 41204 19
  164.0413 3844 1
  164.5475 7887 3
  164.9883 20450.5 9
  165.5134 6019 2
  166.007 19898.5 9
  166.5328 10687 5
  167.0299 122189 57
  168.0264 13309 6
  169.0862 14119 6
  169.5213 10253 4
  170.1771 50705.2 23
  171.0199 36072 17
  171.5191 76755 36
  172.0293 50109 23
  172.5233 31155 14
  172.9735 21926 10
  173.516 6908 3
  173.9968 11862 5
  175.0182 434125.3 204
  176.0082 4036 1
  177.0086 9395.5 4
  177.5374 15513 7
  178.0299 4877 2
  178.5446 3907 1
  178.977 9429 4
  179.5525 4158 1
  179.994 26742 12
  180.5153 5041 2
  181.0264 12123.3 5
  181.5359 4274 2
  182.0144 9301.5 4
  183.03 13376 6
  185.0316 33522.7 15
  185.5241 3312 1
  186.0853 5709 2
  186.5234 7409 3
  187.5212 3273 1
  189.0504 31488 14
  189.5518 5663 2
  189.9839 6321 2
  192.0102 11062 5
  192.543 15981 7
  192.9839 11423 5
  193.5494 2277 1
  193.9931 2392 1
  194.5578 9735 4
  195.0015 18170 8
  195.9826 14600 6
  196.982 9347 4
  197.9836 9280 4
  199.0859 20668.5 9
  200.5287 4961 2
  201.0766 6407 3
  201.5298 4577 2
  203.0376 278542 131
  203.5393 67551 31
  204.0222 41118 19
  204.5581 15945 7
  205.0219 36097 17
  206.0513 7274 3
  207.0302 20656 9
  207.9823 4267 2
  209.0076 3883 1
  209.5273 3137 1
  209.9981 20615 9
  210.5251 14688 6
  211.0242 20480.7 9
  211.5332 13435 6
  212.0014 9394.5 4
  212.5263 3700 1
  212.9924 2788 1
  214.0693 5307 2
  218.043 10565 4
  218.9985 126219 59
  220.0028 29174 13
  221.0404 5699 2
  223.055 13318 6
  225.993 7803 3
  227.0545 6758.5 3
  232.0725 3332 1
  233.063 4835 2
  234.0223 2182 1
  236.0815 44109 20
  236.5837 9966 4
  237.0303 20136.3 9
  239.0031 6537 3
  240.0092 13751 6
  245.0818 39403 18
  247.0545 10704 5
  248.0746 14824 6
  248.5548 6802 3
  249.0096 67575 31
  250.0144 23821 11
  251.0125 3389 1
  253.0097 13895.7 6
  255.0233 7598 3
  256.0411 2145 1
  257.0392 2771 1
  264.014 4480 2
  267.0616 19207 9
  268.0603 4291 2
  269.0362 4822 2
  270.033 4363.5 2
  271.0412 40768 19
  272.0416 11160.5 5
  273.0433 7063.5 3
  280.053 9560.5 4
  281.0304 2475 1
  283.0729 3211 1
  284.0367 41167 19
  285.03 4225.7 1
  287.0244 2679 1
  289.0364 8506 4
  291.0326 2837 1
  292.0315 8278 3
  292.5269 9664 4
  296.0145 40801 19
  297.0164 29565 13
  298.0134 101389 47
  299.0033 129822 61
  300.0088 1226581 578
  301.0127 403916 190
  302.0134 113146 53
  303.0093 36721 17
  304.006 23520 11
  305.007 8206 3
  306.0136 4754 2
  312.0095 8490 4
  313.0154 5005 2
  314.0461 4174 1
  319.0344 7636 3
  322.9986 16027 7
  327.0574 9569.5 4
  328.0322 10810 5
  330.0193 169445 79
  331.0232 53720 25
  332.0237 17496 8
  334.9842 3315 1
  339.9738 3353 1
  344.0573 4094 1
  345.0349 2221.5 1
  358.0351 8475 3
  359.041 3245 1
  360.0299 91554 43
  361.0339 29811 14
  362.0327 13988 6
  363.0403 3940 1
  365.1194 3974 1
  375.076 7210 3
  378.0992 3873 1
  389.0517 3535 1
  391.092 2820.5 1
  392.0762 4312 2
  394.0716 66263 31
  395.0384 10348 4
  396.0741 8399 3
  408.1071 4148 1
  417.0469 3271 1
  418.0503 13471 6
  419.057 16824 7
  420.0559 13168 6
  421.062 2760.5 1
  422.0456 92390 43
  423.0688 20276 9
  424.0674 27800 13
  425.0864 15960 7
  426.0854 7699 3
  445.0357 20165 9
  446.0322 6417 3
  452.0581 16051 7
  462.0097 2773 1
  475.0452 7557 3
  477.9824 2313 1
  481.1268 2548 1
  482.0664 6753 3
  484.0845 3860 1
  512.0771 7980 3
  513.0828 5276 2
  525.2895 4255 2
  535.982 3980 1
  544.0777 2496 1
  584.047 7240 3
  585.0523 4012 1
  596.0242 3757 1
  600.0162 13372 6
  601.0244 11965 5
  602.0235 4609 2
  613.0237 2390 1
  623.0108 7450 3
  745.0467 4222 1
  900.0305 2214 1
  901.0348 4243 2
  923.0169 2713 1
//
