ACCESSION: MSBNK-mFam-MC23_000724
RECORD_TITLE: MELATONIN; LC-ESI-QTOF; MS2; CE: 40;  [M+H]+
DATE: 2023.02.21
AUTHORS: Katyeny Manuela da Silva, Elias Iturrospe, Maria van de Lavoir, Rani Robeyns
LICENSE: CC BY
PUBLICATION: NA
COMMENT: CONFIDENCE Pure standard
CH$NAME: MELATONIN
CH$COMPOUND_CLASS: NA
CH$FORMULA: C13H16N2O2
CH$EXACT_MASS: 232.12118
CH$SMILES: COC1=CC2=C(NC=C2CCNC(C)=O)C=C1
CH$IUPAC: InChI=1S/C13H16N2O2/c1-9(16)14-6-5-10-8-15-13-4-3-11(17-2)7-12(10)13/h3-4,7-8,15H,5-6H2,1-2H3,(H,14,16)
CH$LINK: INCHIKEY DRLFMBDRBRZALE-UHFFFAOYSA-N
AC$INSTRUMENT: Agilent 6530 Q-TOF LC/MS
AC$INSTRUMENT_TYPE: LC-ESI-QTOF
AC$MASS_SPECTROMETRY: MS_TYPE MS2
AC$MASS_SPECTROMETRY: ION_MODE POSITIVE
AC$MASS_SPECTROMETRY: IONIZATION ESI
AC$MASS_SPECTROMETRY: COLLISION_ENERGY 40
AC$CHROMATOGRAPHY: COLUMN_NAME NA
AC$CHROMATOGRAPHY: RETENTION_TIME 0.200 min
MS$FOCUSED_ION: BASE_PEAK 233.13053
MS$FOCUSED_ION: PRECURSOR_M/Z 233.13053
MS$FOCUSED_ION: PRECURSOR_TYPE [M+H]+
MS$FOCUSED_ION: PRECURSOR_INTENSITY 113.5
MS$DATA_PROCESSING: RECALIBRATE loess on assigned fragments and MS1
MS$DATA_PROCESSING: REANALYZE Peaks with additional N2/O included
MS$DATA_PROCESSING: WHOLE RMassBank 3.7.1
PK$SPLASH: splash10-00e9-0900000000-b1127c76174751969645
PK$NUM_PEAK: 110
PK$PEAK: m/z int. rel.int.
  41.0482 103 11
  42.0363 106.7 11
  43.0399 108 11
  44.0668 108.3 12
  50.019 108.7 12
  51.0436 109 12
  52.0372 110.7 12
  53.0383 112.5 12
  54.0342 115.5 12
  56.0538 116 12
  60.0509 117 12
  62.0141 118.2 13
  63.0383 118.2 13
  64.0365 120.5 13
  65.0563 120.7 13
  66.047 122 13
  67.0451 122.6 13
  69.0353 123.2 13
  75.029 123.5 13
  76.0351 125.7 13
  77.2124 126.7 14
  77.7134 127.3 14
  78.2582 128.3 14
  78.8288 129 14
  79.0682 131.5 14
  79.2033 132.2 14
  80.0625 136.5 15
  81.063 137.2 15
  86.071 138.8 15
  88.036 139.7 15
  89.0755 141.7 15
  89.3313 144.7 16
  90.075 145.4 16
  90.2966 152 16
  91.3028 153.4 17
  92.0437 153.5 17
  93.0688 160.8 17
  101.0427 170.2 18
  102.062 170.3 18
  103.3551 177 19
  104.1799 178.7 19
  104.5109 180.3 20
  104.7589 181.5 20
  105.2779 200.6 22
  105.774 209 23
  106.0579 217.8 24
  107.0872 220.5 24
  108.074 228.1 25
  113.0706 228.7 25
  114.0681 235.9 26
  115.8658 250.6 27
  117.3259 251.1 27
  117.8275 257.6 28
  118.0887 264.2 29
  118.4336 276.3 30
  119.0894 294.9 32
  120.0419 302.2 33
  121.0802 325.4 36
  122.047 335 37
  126.0491 355.8 39
  127.0872 372.6 41
  127.2779 400.2 44
  128.0906 408.1 45
  128.3502 411.6 45
  128.7498 428.1 47
  131.3399 463.7 51
  134.0094 473.1 52
  134.5028 566.9 62
  134.7555 578.8 64
  140.0762 592.5 65
  140.4019 647.8 71
  141.0921 666.4 73
  142.4057 670.9 74
  143.8665 700.9 77
  145.0279 843.5 93
  145.2649 856.3 94
  145.372 892.2 98
  145.5929 962.2 106
  146.0984 1005.7 111
  146.2543 1036.7 115
  146.4485 1087.7 120
  146.6462 1152.4 127
  146.9587 1156.4 128
  147.1081 1172.9 130
  147.3028 1273.1 141
  148.0794 1436.8 159
  150.0351 1807.9 200
  153.0511 1884.2 209
  154.0916 1960.1 217
  155.0892 2008.6 222
  156.0829 2011.1 223
  157.0725 2013.5 223
  159.5142 2305.7 255
  161.2734 2435.1 270
  161.4117 2463.9 273
  162.1006 2480.6 275
  167.0781 2527.3 280
  168.076 2533.8 281
  169.088 2628.2 291
  172.0934 2760.3 306
  173.1136 2911 322
  174.1731 3314.3 367
  174.4442 3730 413
  174.6212 3769.4 418
  174.9167 4099.6 454
  183.0823 4392.1 487
  184.0646 9004.8 999
  185.0768 103 11
  186.0566 106.7 11
  209.2021 108 11
//
