ACCESSION: MSBNK-mFam-MC21_000257
RECORD_TITLE: Coumestrol; LC-ESI-QTOF; MS2; CE: 15;  [M-H]-
DATE: 2023.03.23
AUTHORS: Stefanie Doell IPB
LICENSE: CC BY
PUBLICATION: Döll, S., Farahani-Kofoet, R. D., Zrenner, R., Henze, A. & Witzel, K. (2021) Tissue-specific signatures of metabolites and proteins in asparagus roots and exudates. Horticulture Research.
COMMENT: CONFIDENCE Pure standard
CH$NAME: Coumestrol
CH$COMPOUND_CLASS: NA
CH$FORMULA: C15H8O5
CH$EXACT_MASS: 268.0372
CH$SMILES: C1=CC2=C(C=C1O)OC3=C2C(=O)OC4=C3C=CC(=C4)O
CH$IUPAC: InChI=1S/C15H8O5/c16-7-1-3-9-11(5-7)19-14-10-4-2-8(17)6-12(10)20-15(18)13(9)14/h1-6,16-17H
CH$LINK: INCHIKEY ZZIALNLLNHEQPJ-UHFFFAOYSA-N
AC$INSTRUMENT: Bruker MicrOTOF-Q
AC$INSTRUMENT_TYPE: LC-ESI-QTOF
AC$MASS_SPECTROMETRY: MS_TYPE MS2
AC$MASS_SPECTROMETRY: ION_MODE NEGATIVE
AC$MASS_SPECTROMETRY: IONIZATION ESI
AC$MASS_SPECTROMETRY: COLLISION_ENERGY 15
AC$CHROMATOGRAPHY: COLUMN_NAME Acquity CSHC18
AC$CHROMATOGRAPHY: RETENTION_TIME NA
MS$FOCUSED_ION: BASE_PEAK 267.0299
MS$FOCUSED_ION: PRECURSOR_M/Z 267.0299
MS$FOCUSED_ION: PRECURSOR_TYPE [M-H]-
MS$DATA_PROCESSING: RECALIBRATE loess on assigned fragments and MS1
MS$DATA_PROCESSING: REANALYZE Peaks with additional N2/O included
MS$DATA_PROCESSING: WHOLE RMassBank 3.7.1
PK$SPLASH: splash10-004i-0095310000-1e53874db6312ff0180e
PK$NUM_PEAK: 186
PK$PEAK: m/z int. rel.int.
  146.8438 159.9 34
  277.6653 4592.7 999
  290.6067 33.8 7
  292.0468 44 9
  292.7137 44 9
  293.3324 28.2 6
  295.2193 26.5 5
  296.1694 31 6
  297.7137 35.2 7
  298.833 36 7
  300.7224 30.2 6
  302.3212 29.1 6
  304.2049 31.7 6
  305.4339 22.7 4
  306.0885 40 8
  306.6367 48 10
  308.0038 25.2 5
  308.7053 48 10
  309.1523 25 5
  310.6267 38 8
  311.9702 36 7
  312.4284 38 8
  313.9726 31 6
  315.0194 27 5
  315.5664 44.5 9
  316.5855 43 9
  317.2234 60 13
  317.6479 46 10
  318.3009 35 7
  319.7327 41 8
  321.743 20 4
  322.942 34 7
  323.7238 44 9
  325.0558 23 5
  325.9262 33.8 7
  327.8408 27 5
  329.5814 29 6
  330.524 50 10
  331.7395 42.5 9
  334.0879 26 5
  335.0713 27 5
  335.637 46 10
  336.2181 35 7
  337.0002 37 8
  337.5758 24 5
  338.5939 45 9
  341.602 37.5 8
  342.4553 40 8
  343.253 38.5 8
  344.3225 30 6
  345.8017 28 6
  346.9457 35 7
  349.4229 37 8
  349.9104 56 12
  350.6643 49 10
  351.2879 38 8
  352.3713 37.5 8
  353.0527 34 7
  354.0467 24 5
  354.995 42 9
  356.1976 54 11
  357.7046 37 8
  360.4768 34.7 7
  361.2931 51 11
  362.9766 47 10
  363.5328 32 6
  365.6427 42.3 9
  366.7133 50 10
  367.482 33 7
  371.7705 35 7
  372.2758 41 8
  375.823 40 8
  377.9457 38 8
  381.6713 41.5 9
  383.1643 35 7
  384.399 38 8
  386.6559 43 9
  388.8 28 6
  390.2524 40 8
  391.5372 54 11
  393.7132 42 9
  394.4869 43 9
  397.0965 45 9
  397.8496 31 6
  401.2707 83 18
  402.7101 43 9
  403.5925 35 7
  406.1222 48 10
  407.0248 63 13
  411.872 30 6
  418.6856 39 8
  419.366 35 7
  420.6955 37 8
  422.3242 47 10
  422.7452 45 9
  423.1576 23 5
  423.7868 42 9
  424.3208 29 6
  426.2378 37 8
  429.6048 21 4
  431.8303 26 5
  433.2674 41 8
  434.4143 48 10
  435.7451 36 7
  438.0247 34 7
  439.3212 30 6
  440.4656 35 7
  442.0003 39 8
  445.7831 40.2 8
  447.0985 39 8
  448.5185 32 6
  449.9392 39 8
  451.0074 32.5 7
  451.8158 42 9
  452.5514 40 8
  457.563 44 9
  458.4032 50 10
  459.9794 38 8
  461.7982 35 7
  466.0821 43 9
  474.9047 40 8
  476.1017 33 7
  478.4568 37 8
  480.7397 43 9
  481.5963 24 5
  482.8096 38.3 8
  483.789 32 6
  487.4283 47.3 10
  492.1109 41 8
  493.7689 35 7
  496.0944 41 8
  497.3717 27 5
  498.0682 26.5 5
  507.2451 23 5
  508.5693 40 8
  520.9736 25 5
  521.8509 39 8
  523.6208 55 11
  524.9429 29 6
  526.296 28 6
  527.0288 32 6
  527.6025 33.5 7
  528.589 40 8
  533.5879 43 9
  537.3001 34 7
  542.1737 30 6
  544.0938 30 6
  546.845 27 5
  552.9278 36 7
  555.5581 48 10
  561.2975 20 4
  566.1114 44 9
  573.6082 28 6
  580.4861 20 4
  580.9212 27 5
  589.6471 45 9
  599.2399 27 5
  603.8361 50 10
  606.6987 44 9
  623.7206 20 4
  624.484 64 13
  626.6268 25 5
  630.3145 33 7
  634.8214 38 8
  635.401 32 6
  638.8923 43 9
  643.6834 25 5
  645.004 43 9
  670.489 51 11
  714.2806 33 7
  714.6865 41 8
  722.7193 20 4
  729.8987 30 6
  731.1985 36 7
  736.7288 27 5
  744.231 24 5
  749.0558 26 5
  750.9521 24 5
  760.9488 27 5
  825.15 21 4
  868.841 26 5
  889.3684 26 5
  901.4706 32 6
  938.8243 21 4
  948.4384 37 8
  1000.0606 45 9
//
