ACCESSION: MSBNK-mFam-MC21_000242
RECORD_TITLE: Xanthohumol; LC-ESI-QTOF; MS2; CE: 18.99;  [M-H]-
DATE: 2023.03.23
AUTHORS: Stefanie Doell IPB
LICENSE: CC BY
PUBLICATION: Döll, S., Farahani-Kofoet, R. D., Zrenner, R., Henze, A. & Witzel, K. (2021) Tissue-specific signatures of metabolites and proteins in asparagus roots and exudates. Horticulture Research.
COMMENT: CONFIDENCE Pure standard
CH$NAME: Xanthohumol
CH$COMPOUND_CLASS: NA
CH$FORMULA: C21H22O5
CH$EXACT_MASS: 354.1467
CH$SMILES: CC(=CCC1=C(C(=C(C=C1O)OC)C(=O)C=CC2=CC=C(C=C2)O)O)C
CH$IUPAC: InChI=1S/C21H22O5/c1-13(2)4-10-16-18(24)12-19(26-3)20(21(16)25)17(23)11-7-14-5-8-15(22)9-6-14/h4-9,11-12,22,24-25H,10H2,1-3H3
CH$LINK: INCHIKEY ORXQGKIUCDPEAJ-UHFFFAOYSA-N
AC$INSTRUMENT: Bruker MicrOTOF-Q
AC$INSTRUMENT_TYPE: LC-ESI-QTOF
AC$MASS_SPECTROMETRY: MS_TYPE MS2
AC$MASS_SPECTROMETRY: ION_MODE NEGATIVE
AC$MASS_SPECTROMETRY: IONIZATION ESI
AC$MASS_SPECTROMETRY: COLLISION_ENERGY 18.99
AC$CHROMATOGRAPHY: COLUMN_NAME Acquity CSHC18
AC$CHROMATOGRAPHY: RETENTION_TIME NA
MS$FOCUSED_ION: BASE_PEAK 353.1394
MS$FOCUSED_ION: PRECURSOR_M/Z 353.1394
MS$FOCUSED_ION: PRECURSOR_TYPE [M-H]-
MS$DATA_PROCESSING: RECALIBRATE loess on assigned fragments and MS1
MS$DATA_PROCESSING: REANALYZE Peaks with additional N2/O included
MS$DATA_PROCESSING: WHOLE RMassBank 3.7.1
PK$SPLASH: splash10-0uea-0494000000-c9de3f8c758b11fbd2ad
PK$NUM_PEAK: 211
PK$PEAK: m/z int. rel.int.
  45.1571 119 8
  47.7705 101 7
  48.265 159 11
  51.3103 101 7
  51.7723 125 8
  54.3548 102 7
  55.4289 111 7
  57.9136 102 7
  58.3825 110.5 7
  60.4183 116 8
  61.6934 134 9
  62.3192 104 7
  63.2651 102 7
  64.3099 104 7
  70.5413 104 7
  75.5212 125 8
  77.8778 101 7
  79.2355 130 9
  84.3876 112 7
  86.9705 102 7
  88.3022 108 7
  89.8867 114 8
  91.0014 130 9
  93.0315 217 15
  95.1424 139.8 9
  96.009 120 8
  96.4368 120 8
  97.0349 136 9
  98.0011 173 12
  102.2579 118.5 8
  103.402 164 11
  104.9814 109.5 7
  105.4851 138 9
  106.0422 228 16
  107.8173 144 10
  109.0255 159 11
  110.0023 218 15
  111.0054 180 12
  112.2167 125 8
  112.7994 118.5 8
  114.4528 120 8
  117.0349 715 50
  119.334 5990.2 424
  121.2801 309.7 21
  121.997 152 10
  122.7541 137.7 9
  125.3094 128 9
  127.5243 114 8
  131.0465 140 9
  132.9813 2970.3 210
  134.126 433.5 30
  135.016 233 16
  136.4817 104 7
  137.0082 270 19
  137.9961 704 49
  139.0016 179 12
  143.0428 126 8
  144.0592 445 31
  145.0573 2170.3 153
  146.0306 681 48
  146.6103 118 8
  147.215 177 12
  148.0189 363 25
  148.9454 220 15
  149.8482 1301 92
  151.0019 674 47
  151.5791 110 7
  152.0113 170 12
  155.8636 111 7
  157.0636 1439 102
  158.0386 109 7
  158.992 1109 78
  160.0474 306.5 21
  161.0581 573.5 40
  162.2206 213.6 15
  163.0027 5798 411
  164.0088 1167 82
  164.4553 143 10
  165.19 4381.8 310
  166.0947 1277 90
  167.0938 224 15
  170.2169 105 7
  171.0494 179 12
  172.0532 147 10
  173.2168 1343 95
  174.2131 1119.5 79
  174.9909 2328.2 165
  176.0466 737 52
  177.0187 1168 82
  178.0285 355 25
  179.0239 123 8
  180.2292 138 9
  184.0954 101 7
  185.0603 489 34
  186.0626 118 8
  186.9334 395 28
  188.2175 247 17
  189.8751 2475.2 175
  191.606 118 8
  192.1189 661 46
  193.0441 171 12
  197.0571 218 15
  199.0743 995 70
  200.207 240 17
  201.0523 3416 242
  202.6207 1454.4 103
  203.9681 1498 106
  204.7912 1136.2 80
  206.0834 595 42
  207.1012 6018 426
  207.5178 126 8
  208.1054 969 68
  209.2477 177.5 12
  211.2144 170.7 12
  212.0593 259 18
  213.0532 288 20
  214.0548 251 17
  215.0708 341 24
  216.0421 183 12
  218.3973 3630.8 257
  221.0833 171 12
  222.0666 169 11
  223.0755 190 13
  224.0333 197 13
  225.0544 845 59
  226.0628 274 19
  227.0381 197 13
  228.0352 190 13
  229.0784 169 11
  230.0617 170 12
  231.1522 1635 115
  233.5687 11179.6 792
  236.0359 288 20
  236.9687 201 14
  238.0595 154 10
  239.0721 723 51
  240.0774 724 51
  241.0522 1701 120
  242.0578 2060 146
  243.0644 201.3 14
  245.0787 1074 76
  246.0886 630 44
  247.0867 5766.2 408
  248.0993 3759 266
  249.1136 814 57
  250.0901 164.5 11
  251.0839 6153 436
  252.0874 1001 70
  253.0546 713 50
  254.0734 139 9
  255.0574 746 52
  256.0532 308 21
  257.0873 128 9
  258.0461 131 9
  259.0988 516 36
  261.0957 125 8
  262.1009 124 8
  263.1059 123 8
  264.0645 2540 180
  265.0642 496 35
  266.0911 375.5 26
  267.0644 3253 230
  268.1073 1377 97
  269.0449 2842 201
  269.9552 4506 319
  271.0564 1179 83
  272.054 164 11
  277.1215 3697 262
  278.0923 579.5 41
  279.0999 1099 77
  280.1032 190 13
  281.041 305 21
  282.1194 419 29
  282.9374 7658.3 542
  283.4976 129 9
  284.0631 4035 286
  285.0682 478 33
  291.0953 114 8
  292.1054 266 18
  293.1175 913 64
  293.5221 102 7
  294.1185 473.7 33
  295.419 8478.9 601
  296.6477 103 7
  297.0698 1646 116
  298.0874 189 13
  303.1091 110 7
  307.6642 101 7
  309.1455 5286 374
  310.016 2795.5 198
  310.9822 5304.5 376
  312.1305 1932 136
  313.13 200 14
  319.0918 101 7
  320.0994 203 14
  321.112 1849 131
  322.113 344 24
  323.0906 8367 593
  324.0929 1281 90
  325.1392 1640 116
  326.1365 220 15
  335.1274 805 57
  336.1304 199 14
  337.1082 2865 203
  338.1133 4526 320
  339.1177 1107 78
  351.2306 106 7
  351.9568 152.7 10
  353.5362 14091.1 999
  354.6513 122.5 8
  355.1438 2461 174
//
