ACCESSION: MSBNK-mFam-MC02_000730
RECORD_TITLE: Phloretin; ESI-TOF; MS2; CE: 0.6458333;  [M+H]+
DATE: 2023.03.06
AUTHORS: C. Broeckling, Colorado State University Proteomics and Metabolomics Facility
LICENSE: CC BY
PUBLICATION: Broeckling CD;Ganna A;Layer M;Brown K;Sutton B;Ingelsson E;Peers G;Prenni JE; (n.d.). Enabling efficient and confident annotation of LC-MS metabolomics data through MS1 Spectrum and time prediction. Analytical chemistry.
COMMENT: CONFIDENCE Pure standard
CH$NAME: Phloretin
CH$COMPOUND_CLASS: NA
CH$FORMULA: C15H14O5
CH$EXACT_MASS: 274.08412
CH$SMILES: OC1=CC=C(CCC(=O)C2=C(O)C=C(O)C=C2O)C=C1
CH$IUPAC: InChI=1S/C15H14O5/c16-10-4-1-9(2-5-10)3-6-12(18)15-13(19)7-11(17)8-14(15)20/h1-2,4-5,7-8,16-17,19-20H,3,6H2
CH$LINK: INCHIKEY VGEREEWJJVICBM-UHFFFAOYSA-N
AC$INSTRUMENT: waters xevo g2 TOF
AC$INSTRUMENT_TYPE: ESI-TOF
AC$MASS_SPECTROMETRY: MS_TYPE MS2
AC$MASS_SPECTROMETRY: ION_MODE POSITIVE
AC$MASS_SPECTROMETRY: IONIZATION ESI
AC$MASS_SPECTROMETRY: COLLISION_ENERGY 0.6458333
AC$CHROMATOGRAPHY: COLUMN_NAME Acquity CSHC18
AC$CHROMATOGRAPHY: RETENTION_TIME 2.327 min
MS$FOCUSED_ION: BASE_PEAK 275.09212
MS$FOCUSED_ION: PRECURSOR_M/Z 275.09212
MS$FOCUSED_ION: PRECURSOR_TYPE [M+H]+
MS$DATA_PROCESSING: RECALIBRATE loess on assigned fragments and MS1
MS$DATA_PROCESSING: REANALYZE Peaks with additional N2/O included
MS$DATA_PROCESSING: WHOLE RMassBank 3.7.1
PK$SPLASH: splash10-0udi-0931000000-c3d37bb16e61c7182815
PK$NUM_PEAK: 155
PK$PEAK: m/z int. rel.int.
  67.0192 24719 8
  69.0345 31045 10
  71.0501 39110 13
  81.0343 9331 3
  85.0294 131009 45
  86.0327 2996 1
  91.0552 24374 8
  95.0499 11355 3
  96.9958 4791 1
  99.0448 9687 3
  107.0499 36117 12
  109.0274 10547 3
  119.05 139842 48
  120.0537 10385 3
  121.0657 23658 8
  123.0449 49966 17
  125.0245 14420 4
  129.0552 43159 14
  135.0446 19110 6
  147.0632 710916 245
  148.048 76283 26
  153.0191 2891877 999
  153.9973 123459.5 42
  163.0397 3981 1
  165.0191 66820 23
  177.0183 30778 10
  179.0349 35022 12
  189.0504 21134 7
  191.0341 41295 14
  195.0295 326099 112
  196.0327 35226 12
  203.0345 29661 10
  204.0377 2986 1
  207.0465 9788 3
  219.0317 212230 73
  220.0744 13083 4
  221.0408 6527 2
  231.0294 34380 11
  232.035 3278 1
  237.0406 4865 1
  243.0295 17585 6
  245.0536 51015.3 17
  246.0584 9320 3
  249.0707 4012 1
  261.0398 62693 21
  263.0561 180667 62
  264.0575 26908 9
  270.0194 3888 1
  271.1066 168204 58
  272.0641 55652 19
  273.1711 706128.5 243
  274.0798 136494 47
  275.082 39193 13
  279.0508 12092 4
  281.066 34008 11
  282.0699 4585 1
  285.0771 110108 38
  286.0814 18496 6
  287.0679 3261 1
  293.1242 4736 1
  297.0743 87462 30
  298.0779 15139 5
  301.0704 46686 16
  305.0668 7649 2
  311.0234 11996 4
  315.0868 93191 32
  316.0902 17152 5
  323.087 16129 5
  329.0683 9826 3
  331.0994 10805 3
  339.0863 145545 50
  340.0907 31272 10
  351.0876 41803 14
  352.0913 6878 2
  363.0839 20281 7
  365.1109 31205 10
  366.1069 9073 3
  369.0965 9827 3
  371.0723 2933 1
  382.0998 5273 1
  383.1121 55370.5 19
  384.1161 22473 7
  386.009 4050.5 1
  389.0902 6825 2
  391.0998 6138 2
  393.0978 5427 1
  399.1087 25399 8
  401.1235 54030 18
  402.1271 11412 3
  407.1058 20700 7
  413.1235 5119 1
  417.1184 35188 12
  419.134 100224 34
  420.1374 23612 8
  423.1064 3354 1
  425.1158 15580 5
  426.1225 3154 1
  429.1166 6386 2
  433.1137 3055 1
  435.1292 65375 22
  436.1321 13112 4
  443.1333 15181 5
  457.1105 17762 6
  459.129 11020 3
  461.1411 9320 3
  467.1336 4453 1
  483.1221 4455 1
  489.0486 7496 2
  491.0471 5738 1
  509.1428 6597 2
  511.1596 7210 2
  527.1554 7022 2
  528.1595 3479 1
  529.1709 4204 1
  545.166 9239 3
  563.1761 4321 1
  565.1921 7274 2
  579.1711 23139 7
  580.1733 4242 1
  581.1856 34769 12
  582.1904 21390 7
  583.1927 4640 1
  587.1929 5983 2
  601.1096 12406 4
  603.1693 249940 86
  604.1721 65439 22
  605.1755 24617 8
  606.1745 3222 1
  619.1369 22044 7
  620.1385 6960 2
  633.1771 4986 1
  635.104 3497 1
  727.244 19018 6
  728.2473 7163 2
  749.2281 6562 2
  760.1081 3746 1
  796.1493 4276 1
  873.2996 3713 1
  890.2552 4172 1
  906.1627 6217 2
  916.7026 4560.3 1
  917.2032 3630 1
  922.1562 8109 2
  927.2413 3885.5 1
  1068.2161 16610 5
  1069.22 4983.5 1
  1180.3396 19569 6
  1180.8398 30126 10
  1181.3438 27361 9
  1181.8422 11122 3
  1182.3548 3119 1
  1183.3441 38262 13
  1184.3491 15386 5
  1185.343 7669 2
  1199.3117 28290 9
//
