ACCESSION: MSBNK-mFam-MC25_000124
RECORD_TITLE: cinchonidine; LC-ESI-ITFT; MS2; CE: 0.3;  [M+H]+
DATE: 2023.03.31
AUTHORS: Maria Halabalaki, Division of Pharmacognosy and Natural Products Chemistry, University of Athens, Greece
LICENSE: CC BY
PUBLICATION: NA
COMMENT: CONFIDENCE Pure standard
CH$NAME: cinchonidine
CH$COMPOUND_CLASS: alkaloids
CH$FORMULA: C19H22N2O
CH$EXACT_MASS: 294.1732
CH$SMILES: C=CC1CN2CCC1CC2C(C3=CC=NC4=CC=CC=C34)O
CH$IUPAC: InChI=1S/C19H22N2O/c1-2-13-12-21-10-8-14(13)11-18(21)19(22)16-7-9-20-17-6-4-3-5-15(16)17/h2-7,9,13-14,18-19,22H,1,8,10-12H2
CH$LINK: INCHIKEY KMPWYEUPVWOPIM-UHFFFAOYSA-N
AC$INSTRUMENT: LTQ-Orbitrap XL hybrid mass spectrometer (Thermo Scientific)
AC$INSTRUMENT_TYPE: LC-ESI-ITFT
AC$MASS_SPECTROMETRY: MS_TYPE MS2
AC$MASS_SPECTROMETRY: ION_MODE POSITIVE
AC$MASS_SPECTROMETRY: IONIZATION ESI
AC$MASS_SPECTROMETRY: COLLISION_ENERGY 0.3
AC$CHROMATOGRAPHY: COLUMN_NAME Acquity CSHC18
AC$CHROMATOGRAPHY: RETENTION_TIME 3.661 min
MS$FOCUSED_ION: BASE_PEAK 295.1804
MS$FOCUSED_ION: PRECURSOR_M/Z 295.1804
MS$FOCUSED_ION: PRECURSOR_TYPE [M+H]+
MS$FOCUSED_ION: PRECURSOR_INTENSITY 70344000
MS$DATA_PROCESSING: RECALIBRATE loess on assigned fragments and MS1
MS$DATA_PROCESSING: REANALYZE Peaks with additional N2/O included
MS$DATA_PROCESSING: WHOLE RMassBank 3.7.1
PK$SPLASH: splash10-004i-0390000000-e742d3318c91dd041e60
PK$NUM_PEAK: 102
PK$PEAK: m/z int. rel.int.
  81.0452 96107 3
  83.0588 58093 2
  89.1475 69538 2
  93.0427 66218 2
  97.3451 72329 2
  102.8248 70676 2
  105.0694 139795 5
  106.0908 73494 2
  108.0805 160985 6
  110.0961 655803 25
  118.3415 55598 2
  120.0802 71456 2
  122.0963 283482 11
  124.1122 150176 5
  130.0649 1480992 58
  132.0805 361057 14
  134.0962 1402271 55
  135.1046 161638 6
  140.2006 61558 2
  142.0657 191875 7
  143.073 243446 9
  144.0808 1075080 42
  148.113 86621 3
  148.8984 64460 2
  154.0651 930249 36
  155.0736 113620 4
  156.0807 1692181 66
  159.3075 56388 2
  166.0657 217845 8
  166.123 703310 27
  167.0305 436991 17
  167.072 178809 7
  168.0809 2754094 109
  169.0761 379992 15
  169.0902 92629 3
  170.0962 226378 8
  171.0911 164160 6
  172.0758 319472 12
  176.0858 85511 3
  180.0807 754990 29
  181.0762 114664 4
  181.089 70835 2
  182.0966 400952 15
  183.092 427097 16
  185.1078 178166 7
  192.08 124400 4
  192.3144 83112 3
  194.0965 500697 19
  195.0919 122606 4
  196.1124 533161 21
  197.1073 986746 39
  197.6219 103465 4
  202.1384 64637 2
  204.0802 143226 5
  206.0969 428051 16
  208.1126 551622 21
  209.108 440615 17
  210.1287 269976 10
  218.0979 259491 10
  219.1048 176441 6
  220.1116 447019 17
  221.1077 223440 8
  222.1252 424564 16
  223.1231 1360694 53
  224.1437 258707 10
  230.0895 83647 3
  231.1046 170043 6
  232.1123 371882 14
  233.1183 88982 3
  234.1279 3530186 139
  235.1233 924011 36
  236.1375 666444 26
  238.1594 99756 3
  244.1085 85320 3
  246.128 922539 36
  248.1435 1360278 53
  248.9462 87771 3
  249.1393 379934 15
  250.1585 144357 5
  250.719 72156 2
  252.139 521026 20
  260.1438 347402 13
  266.1549 141887 5
  267.1868 147916 5
  268.8809 66078 2
  271.9156 86770 3
  275.1575 483955 19
  276.1131 69745 2
  277.1221 242157 9
  277.1348 151259 5
  277.1702 25231782 999
  277.2186 220506 8
  277.2459 134825 5
  277.2606 218629 8
  277.2728 92158 3
  277.3026 178560 7
  277.3142 91224 3
  278.174 138431 5
  279.1707 96448 3
  279.2002 159427 6
  287.1227 241927 9
  295.1807 2126866 84
//
