ACCESSION: MSBNK-mFam-MC02_000723
RECORD_TITLE: Isoferulic acid; ESI-TOF; MS2; CE: 6.0000000;  [M+H]+
DATE: 2023.03.06
AUTHORS: C. Broeckling, Colorado State University Proteomics and Metabolomics Facility
LICENSE: CC BY
PUBLICATION: Broeckling CD;Ganna A;Layer M;Brown K;Sutton B;Ingelsson E;Peers G;Prenni JE; (n.d.). Enabling efficient and confident annotation of LC-MS metabolomics data through MS1 Spectrum and time prediction. Analytical chemistry.
COMMENT: CONFIDENCE Pure standard
CH$NAME: Isoferulic acid
CH$COMPOUND_CLASS: NA
CH$FORMULA: C10H10O4
CH$EXACT_MASS: 194.05791
CH$SMILES: COC1=C(O)C=C(C=CC(O)=O)C=C1
CH$IUPAC: InChI=1S/C10H10O4/c1-14-9-4-2-7(6-8(9)11)3-5-10(12)13/h2-6,11H,1H3,(H,12,13)
CH$LINK: INCHIKEY QURCVMIEKCOAJU-UHFFFAOYSA-N
AC$INSTRUMENT: waters xevo g2 TOF
AC$INSTRUMENT_TYPE: ESI-TOF
AC$MASS_SPECTROMETRY: MS_TYPE MS2
AC$MASS_SPECTROMETRY: ION_MODE POSITIVE
AC$MASS_SPECTROMETRY: IONIZATION ESI
AC$MASS_SPECTROMETRY: COLLISION_ENERGY 6.0000000
AC$CHROMATOGRAPHY: COLUMN_NAME Acquity CSHC18
AC$CHROMATOGRAPHY: RETENTION_TIME 2.282 min
MS$FOCUSED_ION: BASE_PEAK 195.06591
MS$FOCUSED_ION: PRECURSOR_M/Z 195.06591
MS$FOCUSED_ION: PRECURSOR_TYPE [M+H]+
MS$DATA_PROCESSING: RECALIBRATE loess on assigned fragments and MS1
MS$DATA_PROCESSING: REANALYZE Peaks with additional N2/O included
MS$DATA_PROCESSING: WHOLE RMassBank 3.7.1
PK$SPLASH: splash10-004j-0912203000-b4abfe6bf81d4b35cf77
PK$NUM_PEAK: 230
PK$PEAK: m/z int. rel.int.
  89.0394 21779 13
  103.0551 4886 3
  114.0134 22705 14
  117.0343 118810 75
  118.0381 11610 7
  121.0657 13671 8
  125.0603 6649 4
  133.0473 20180 12
  134.0373 7738 4
  135.0444 14022 8
  135.9922 2768 1
  137.9882 60976 38
  145.0291 279647 177
  146.0327 26318 16
  147.0439 19551 12
  149.0602 218152 138
  150.0639 23893 15
  153.036 27304 17
  157.0385 1576.5 1
  162.0318 27861 17
  163.0395 324683 206
  164.0431 33607 21
  174.0231 41742 26
  177.2705 1573023.1 999
  179.0606 242714 154
  180.2236 9508 6
  183.0665 1815 1
  186.0555 4480 2
  193.0502 74117 47
  194.0866 30103.5 19
  195.0656 814510 517
  196.0692 96946 61
  197.0557 7382.5 4
  201.0141 22689.5 14
  207.0307 5393.5 3
  209.082 3276 2
  210.1106 5797 3
  211.0283 3689 2
  214.039 3358 2
  215.0164 5280 3
  216.04 39547 25
  217.0478 253045 160
  218.0517 30909 19
  223.0512 29027 18
  224.0376 2158 1
  233.0129 8908 5
  239.0298 30087 19
  240.034 2271 1
  245.034 1932 1
  247.0439 53652 34
  247.9998 5207 3
  257.0829 7681 4
  265.0616 2344 1
  274.0387 13233 8
  277.0762 4802 3
  279.0189 6939 4
  280.0386 5799 3
  283.106 5133 3
  289.0752 6322 4
  289.5769 2366 1
  290.0246 25494 16
  291.0326 3511.5 2
  293.0799 8329 5
  297.0769 6562.5 4
  302.0655 5209 3
  307.0548 3998 2
  309.1056 9682 6
  310.0745 5844 3
  310.5637 2255 1
  311.0788 55495 35
  311.5704 17749 11
  312.0296 19446 12
  315.0864 7006 4
  323.0923 56138 35
  324.0962 13022 8
  325.1063 65550 41
  326.1099 13764 8
  327.0871 118226 75
  328.0898 22278 14
  331.5805 1954 1
  333.0572 1699.5 1
  340.0957 2401 1
  341.1027 50628 32
  342.1074 14847 9
  343.1174 14286 9
  351.086 142048 90
  352.0902 32129 20
  353.0684 3493 2
  355.1174 8334 5
  357.1361 2341 1
  363.0698 6023 3
  367.0816 22642 14
  369.0116 140033 88
  370.1021 64117 40
  371.0721 17489 11
  372.0816 2883 1
  383.0955 65514 41
  384.0697 6135 3
  384.5892 2077 1
  385.0918 109669 69
  385.5963 1818 1
  386.099 40499 25
  387.0996 9983 6
  393.0771 19741 12
  406.0489 9716.5 6
  406.5837 3672 2
  407.0401 33072 21
  407.592 20515 13
  408.0597 60378.5 38
  408.5996 49722 31
  409.0476 189763 120
  410.0929 87792 55
  411.0564 12873.5 8
  423.0577 5377 3
  427.0392 8889.5 5
  428.0744 59681 37
  429.043 8289.5 5
  431.129 6620 4
  433.0904 4419 2
  434.1238 9023 5
  435.1272 3355 2
  438.0413 3513 2
  439.1004 44518 28
  440.0706 2229 1
  441.0761 3824 2
  442.0356 54377 34
  443.0417 95496 60
  444.0431 18142 11
  445.0627 135554 86
  446.0501 33221 21
  447.0406 51843 32
  448.0441 13132 8
  449.0802 27711.5 17
  450.116 8936 5
  457.083 3786 2
  459.0964 24765 15
  459.5428 2642 1
  460.0493 8636 5
  461.0528 5976 3
  463.0548 2101 1
  465.0548 12677 8
  466.0871 6620 4
  467.0855 20658 13
  468.0954 5333 3
  469.0836 8399 5
  470.0768 2913 1
  475.0659 4737 3
  476.0602 2155 1
  483.0611 9323 5
  484.0674 14223 9
  486.0698 27410 17
  487.0736 6016 3
  488.0664 11596 7
  525.2042 3194 2
  531.5854 2884 1
  542.5755 2211 1
  543.1274 15582 9
  544.1323 3853 2
  553.5596 4232 2
  554.0726 2600 1
  562.1426 4424 2
  577.1382 18778 11
  578.1422 5311 3
  599.1259 5714 3
  601.1309 15582 9
  602.1351 5803 3
  603.1419 10601 6
  604.1453 3097 1
  605.1474 37006 23
  606.1506 16486 10
  607.1409 95325 60
  608.1409 31291 19
  609.1468 5880 3
  619.1076 35805 22
  620.1164 12861 8
  621.1297 293144 186
  622.1317 94730 60
  623.1374 29297 18
  627.143 13742 8
  628.1483 2955 1
  632.0924 9214 5
  634.0859 79363 50
  635.0893 48869 31
  636.0933 562618 357
  637.0967 5497 3
  638.1001 77130 48
  639.1143 60787 38
  641.1014 12342 7
  642.1006 3162 2
  643.107 7446 4
  645.0965 1997 1
  647.5844 4026 2
  648.085 3474 2
  648.5831 1912 1
  654.081 1581 1
  655.0686 2212 1
  657.5725 2097 1
  658.0759 6845 4
  659.1104 1944.5 1
  668.5589 1829 1
  670.0627 4028 2
  680.0523 1823 1
  795.1874 8864 5
  797.1897 3845 2
  799.1991 5529 3
  800.1978 2856 1
  801.2012 2582 1
  815.1836 21408 13
  816.1883 7853 4
  817.1832 2819 1
  826.1395 10457 6
  827.1272 7323 4
  828.134 11341 7
  829.1389 4412 2
  831.1453 8609 5
  869.1004 6660 4
  873.1021 3879 2
  874.1142 9211 5
  882.0672 1760 1
  884.067 11147 7
  885.0716 4206 2
  888.0708 5177 3
  890.0802 2881 1
  896.0736 1929 1
  897.0859 1947 1
  913.083 1876 1
  915.0934 4838 3
  1075.1048 1649 1
  1076.1102 1576 1
  1077.1184 8761 5
//
