ACCESSION: MSBNK-mFam-MC02_000716
RECORD_TITLE: Epicatechin; ESI-TOF; MS2; CE: 0.6458333;  [M+H]+
DATE: 2023.03.06
AUTHORS: C. Broeckling, Colorado State University Proteomics and Metabolomics Facility
LICENSE: CC BY
PUBLICATION: Broeckling CD;Ganna A;Layer M;Brown K;Sutton B;Ingelsson E;Peers G;Prenni JE; (n.d.). Enabling efficient and confident annotation of LC-MS metabolomics data through MS1 Spectrum and time prediction. Analytical chemistry.
COMMENT: CONFIDENCE Pure standard
CH$NAME: Epicatechin
CH$COMPOUND_CLASS: NA
CH$FORMULA: C15H14O6
CH$EXACT_MASS: 290.07904
CH$SMILES: OC1CC2=C(O)C=C(O)C=C2OC1C1=CC(O)=C(O)C=C1
CH$IUPAC: InChI=1S/C15H14O6/c16-8-4-11(18)9-6-13(20)15(21-14(9)5-8)7-1-2-10(17)12(19)3-7/h1-5,13,15-20H,6H2
CH$LINK: INCHIKEY PFTAWBLQPZVEMU-UHFFFAOYSA-N
AC$INSTRUMENT: waters xevo g2 TOF
AC$INSTRUMENT_TYPE: ESI-TOF
AC$MASS_SPECTROMETRY: MS_TYPE MS2
AC$MASS_SPECTROMETRY: ION_MODE POSITIVE
AC$MASS_SPECTROMETRY: IONIZATION ESI
AC$MASS_SPECTROMETRY: COLLISION_ENERGY 0.6458333
AC$CHROMATOGRAPHY: COLUMN_NAME Acquity CSHC18
AC$CHROMATOGRAPHY: RETENTION_TIME 1.951 min
MS$FOCUSED_ION: BASE_PEAK 291.08704
MS$FOCUSED_ION: PRECURSOR_M/Z 291.08704
MS$FOCUSED_ION: PRECURSOR_TYPE [M+H]+
MS$DATA_PROCESSING: RECALIBRATE loess on assigned fragments and MS1
MS$DATA_PROCESSING: REANALYZE Peaks with additional N2/O included
MS$DATA_PROCESSING: WHOLE RMassBank 3.7.1
PK$SPLASH: splash10-07bb-1950000000-73e70d691de3c52cdd75
PK$NUM_PEAK: 113
PK$PEAK: m/z int. rel.int.
  65.0398 9522 20
  67.019 5052 10
  68.9982 13579 29
  77.0395 45167 96
  78.043 1572 3
  83.05 25098 53
  85.0289 9267 19
  89.0397 7175 15
  91.0548 79891 171
  93.0343 39073 83
  95.0499 42283 90
  102.0917 5475 11
  103.0559 5472 11
  105.0336 17488 37
  107.0494 51946 111
  108.0532 3615 7
  111.0447 73630 158
  115.0551 15414 33
  119.0498 183408 393
  120.053 13129 28
  121.0472 7535.5 16
  123.0447 12780 27
  124.0483 92919 199
  127.0395 17700 38
  131.0498 11229 24
  133.0654 2335 5
  134.0682 836 1
  135.0444 16232 34
  137.0419 17367 37
  139.0395 13972 30
  140.043 105352 226
  141.0694 2753 5
  143.0496 40823 87
  145.0468 12175 26
  147.0446 465248 999
  148.0479 39721 85
  149.06 26949 57
  150.0635 1826 3
  151.0393 59082 126
  153.0379 1319 2
  154.0576 745 1
  159.0448 7472 16
  160.0502 1259 2
  161.0602 19522 41
  163.0393 309656 664
  164.0428 23243 49
  165.0552 174642 374
  166.059 15638 33
  167.034 3384 7
  171.0443 4347 9
  173.0167 2849.8 6
  175.0128 2597.5 5
  176.0438 597 1
  177.0095 14986 32
  179.0333 30732.5 65
  180.0818 5535 11
  180.9584 747 1
  182.191 800 1
  185.0604 11979 25
  187.0391 8954 19
  189.055 46688 100
  190.0585 3265 7
  191.0706 9615 20
  192.9678 6391 13
  197.0607 12467 26
  199.0387 1860 3
  201.0204 3502.5 7
  202.0585 998 2
  203.0713 9883 21
  205.0676 28069 60
  206.0097 7029 15
  207.0658 126213 271
  208.0684 15936 34
  209.0694 2640 5
  213.0672 11060 23
  217.0499 3270 7
  225.0555 11446 24
  227.0699 3129 6
  229.0496 34957 75
  230.0556 8135 17
  231.0657 17677 37
  234.0341 924 1
  237.0566 4538 9
  238.9637 3983 8
  241.0501 19918 42
  243.0654 57489 123
  244.0678 7338 15
  245.0638 10119 21
  247.0268 34647.5 74
  248.0312 3984.5 8
  249.0762 11970 25
  253.0499 13502 28
  255.065 18603 39
  257.0991 6607 14
  258.1025 617 1
  259.0602 178484 383
  260.0648 26553 57
  261.1002 3401.5 7
  262.0766 663 1
  269.044 3055 6
  270.0236 479 1
  271.0602 85192 182
  272.0643 14097 30
  273.0758 32817 70
  275.0926 4794 10
  277.0717 2774 5
  283.0607 16793 36
  284.0622 3167 6
  288.0586 669 1
  289.0717 189306 406
  290.0745 27304 58
  291.0414 93292 200
  292.09 24485 52
//
