ACCESSION: MSBNK-mFam-MC11_000227
RECORD_TITLE: 7-Methylkaempferol; LC-ESI-QTOF; MS2; CE: 50eV;  [M-H]-
DATE: 2023.04.05
AUTHORS: Jörg Ziegler, Leibniz-Institute of Plant Biochemistry, Halle, Germany
LICENSE: CC BY
PUBLICATION: NA
COMMENT: CONFIDENCE Pure standard
CH$NAME: 7-Methylkaempferol
CH$COMPOUND_CLASS: Flavonol
CH$FORMULA: C16H12O6
CH$EXACT_MASS: 300.0634
CH$SMILES: COC1=CC(=C2C(=C1)OC(=C(C2=O)O)C3=CC=C(C=C3)O)O
CH$IUPAC: InChI=1S/C16H12O6/c1-21-10-6-11(18)13-12(7-10)22-16(15(20)14(13)19)8-2-4-9(17)5-3-8/h2-7,17-18,20H,1H3
CH$LINK: INCHIKEY MQSZRBPYXNEFHF-UHFFFAOYSA-N
AC$INSTRUMENT: TIMS-TOF Pro, Bruker Daltonik; Elute UHPLC System, Bruker Daltonik
AC$INSTRUMENT_TYPE: LC-ESI-QTOF
AC$MASS_SPECTROMETRY: MS_TYPE MS2
AC$MASS_SPECTROMETRY: ION_MODE NEGATIVE
AC$MASS_SPECTROMETRY: IONIZATION ESI
AC$MASS_SPECTROMETRY: COLLISION_ENERGY 50eV
AC$CHROMATOGRAPHY: COLUMN_NAME Acquity CSHC18
AC$CHROMATOGRAPHY: RETENTION_TIME 9.082 min
MS$FOCUSED_ION: BASE_PEAK 299.0511
MS$FOCUSED_ION: PRECURSOR_M/Z 299.0511
MS$FOCUSED_ION: PRECURSOR_TYPE [M-H]-
MS$FOCUSED_ION: PRECURSOR_INTENSITY 546594.4
MS$DATA_PROCESSING: RECALIBRATE loess on assigned fragments and MS1
MS$DATA_PROCESSING: REANALYZE Peaks with additional N2/O included
MS$DATA_PROCESSING: WHOLE RMassBank 3.7.1
PK$SPLASH: splash10-00dj-2390000000-5691672e2f6f2be18ede
PK$NUM_PEAK: 163
PK$PEAK: m/z int. rel.int.
  23.8841 115 1
  27.3141 169 2
  31.721 143 2
  34.9593 259 4
  36.9895 223 3
  39.2972 224 3
  43.3554 115 1
  44.7515 214 3
  49.2071 215 3
  51.0231 311 5
  51.994 154 2
  58.9533 136 2
  60.814 242 3
  61.6233 148 2
  62.1753 164 2
  63.0236 2982 49
  64.0252 363 5
  65.0414 3930 64
  65.3313 157 2
  66.0059 585 9
  66.6647 410 6
  75.0232 191 3
  77.0387 4078 67
  78.0105 578 9
  78.3981 147 2
  80.0245 121 1
  82.0085 163 2
  83.0125 1227 20
  83.3922 122 2
  85.0054 194 3
  89.0025 3771 62
  89.3822 111 1
  90.0049 464 7
  91.0175 1378 22
  92.0251 356 5
  93.0322 6804 112
  94.0034 4305 70
  94.2865 126 2
  95.012 1954 32
  96.0167 217 3
  97.0283 4492 74
  97.6147 150 2
  98.0326 159 2
  99.9354 139 2
  102.9735 101 1
  104.0258 468 7
  105.0333 8632 142
  105.3098 127 2
  105.5219 144 2
  106.0197 729.5 12
  107.0107 2283 37
  108.0195 1649 27
  108.3868 239 3
  109.0263 617 10
  109.3542 227 3
  110.0346 133 2
  112.4276 202 3
  117.0328 1205 19
  117.6563 217 3
  119.013 657 10
  120.0196 653 10
  121.027 3087 50
  122.0169 3268 53
  123.044 555 9
  123.5798 162 2
  124.0131 258 4
  132.0186 1143 18
  133.0278 794 13
  133.9971 200 3
  135.0064 1976 32
  135.5621 177 2
  137.0163 262 4
  138.0296 489 8
  141.0318 362 5
  142.0392 304 5
  143.0482 363 5
  144.0513 337 5
  145.0256 1949 32
  146.0337 156 2
  147.009 345 5
  148.7308 267 4
  149.9929 3283 54
  150.9988 392 6
  152.006 187 3
  153.0049 128 2
  154.0423 294 4
  155.0478 760 12
  156.0567 553 9
  159.0431 307 5
  159.3932 118 1
  161.324 111 1
  163.0006 6520 107
  163.2986 343 5
  163.4377 108 1
  164.0046 644 10
  164.526 172 2
  165.0158 12978 213
  165.3785 137.5 2
  165.7051 106 1
  166.0199 736 12
  166.4773 126 2
  166.8641 147 2
  167.0474 1057 17
  168.0557 157 2
  171.0429 344 5
  178.0249 1421 23
  179.0277 175 2
  181.9977 126 2
  183.0415 629 10
  184.0476 511 8
  190.7384 210 3
  197.0216 148 2
  199.0363 328 5
  200.0452 481 7
  206.019 1738 28
  207.0205 105 1
  210.0305 136 2
  211.0348 355 5
  212.0439 1178 19
  213.0484 235 3
  214.053 171 2
  227.0356 585 9
  228.0416 528 8
  229.0404 132 2
  230.0556 219 3
  238.0226 169 2
  239.0308 214 3
  240.0386 6063 99
  241.0412 620 10
  242.041 117 1
  243.0626 4434 73
  244.0665 333 5
  245.0652 105 1
  253.0474 348 5
  255.0252 661 10
  256.0511 1002 16
  257.036 434 7
  260.1064 227 3
  270.0457 103 1
  270.9092 175 2
  270.9715 207 3
  271.0572 60614 999
  271.1818 238 3
  271.2986 160.3 2
  271.4077 177 2
  271.5454 162.7 2
  271.6909 141 2
  271.7884 214 3
  271.9301 130 2
  272.0601 7440 122
  272.9451 141 2
  273.0597 586 9
  277.0921 189 3
  284.0272 13899 229
  284.3223 120 1
  284.4765 112 1
  285.0299 2107 34
  286.029 243 4
  298.833 108 1
  298.9011 210 3
  299.0511 48095 792
  299.2965 147 2
  299.392 283 4
//
