ACCESSION: MSBNK-mFam-MC11_000107
RECORD_TITLE: Dihydroquercetin; LC-ESI-QTOF; MS2; CE: 50eV;  [M-H]-
DATE: 2023.04.05
AUTHORS: Jörg Ziegler, Leibniz-Institute of Plant Biochemistry, Halle, Germany
LICENSE: CC BY
PUBLICATION: NA
COMMENT: CONFIDENCE Pure standard
CH$NAME: Dihydroquercetin
CH$COMPOUND_CLASS: Flavanonol
CH$FORMULA: C15H12O7
CH$EXACT_MASS: 304.0583
CH$SMILES: C1=CC(=C(C=C1C2C(C(=O)C3=C(C=C(C=C3O2)O)O)O)O)O
CH$IUPAC: InChI=1S/C15H12O7/c16-7-4-10(19)12-11(5-7)22-15(14(21)13(12)20)6-1-2-8(17)9(18)3-6/h1-5,14-19,21H
CH$LINK: INCHIKEY CXQWRCVTCMQVQX-UHFFFAOYSA-N
AC$INSTRUMENT: TIMS-TOF Pro, Bruker Daltonik; Elute UHPLC System, Bruker Daltonik
AC$INSTRUMENT_TYPE: LC-ESI-QTOF
AC$MASS_SPECTROMETRY: MS_TYPE MS2
AC$MASS_SPECTROMETRY: ION_MODE NEGATIVE
AC$MASS_SPECTROMETRY: IONIZATION ESI
AC$MASS_SPECTROMETRY: COLLISION_ENERGY 50eV
AC$CHROMATOGRAPHY: COLUMN_NAME Acquity CSHC18
AC$CHROMATOGRAPHY: RETENTION_TIME 5.432 min
MS$FOCUSED_ION: BASE_PEAK 303.0453
MS$FOCUSED_ION: PRECURSOR_M/Z 303.0453
MS$FOCUSED_ION: PRECURSOR_TYPE [M-H]-
MS$FOCUSED_ION: PRECURSOR_INTENSITY 45295.78
MS$DATA_PROCESSING: RECALIBRATE loess on assigned fragments and MS1
MS$DATA_PROCESSING: REANALYZE Peaks with additional N2/O included
MS$DATA_PROCESSING: WHOLE RMassBank 3.7.1
PK$SPLASH: splash10-000i-3970000000-f27c88db28a6b1fe0514
PK$NUM_PEAK: 151
PK$PEAK: m/z int. rel.int.
  21.7245 237 6
  26.9937 119 3
  31.2865 137 3
  32.9846 121 3
  41.0025 1195 34
  43.0187 238 6
  45.6845 128 3
  50.7037 140 4
  57.0215 10467 305
  57.1395 127 3
  57.2575 177 5
  57.5849 225 6
  58.0369 494 14
  58.487 181 5
  60.3391 285 8
  63.0224 990 28
  63.4952 182 5
  65.0029 2371 69
  65.1759 120 3
  66.0046 126 3
  68.9969 482 14
  69.9998 133 3
  74.8049 232 6
  77.0387 349 10
  78.8861 165 4
  81.0334 612 17
  82.0357 164 4
  83.0126 6255 182
  84.0198 160 4
  85.0287 384 11
  87.3502 170 4
  89.345 368 10
  92.0236 144 4
  93.0322 1000 29
  95.0305 466.5 13
  96.0198 880 25
  97.4325 294 8
  101.0371 290 8
  102.7912 294 8
  105.0333 720 20
  106.036 188 5
  107.0124 1266 36
  108.0687 385 11
  109.028 1076 31
  109.9982 278 8
  111.006 397 11
  116.0287 161 4
  118.2814 157 4
  121.0288 2300 67
  122.0352 2231 65
  123.0423 6185 180
  123.2593 115 3
  124.0167 585 17
  125.0284 11876.5 346
  125.1007 119 3
  125.1959 163 4
  125.3353 179 5
  125.4059 108 3
  125.5119 122 3
  125.8743 123 3
  126.0247 1224 35
  127.0516 178 5
  129.0338 276 8
  130.0406 395 11
  131.0458 290 8
  132.0187 284 8
  133.026 451 13
  134.0354 442 12
  135.0431 211 6
  136.0086 129 3
  137.0219 344 10
  140.8204 241 7
  143.0463 185 5
  144.0021 189 5
  145.0257 971 28
  146.0338 541 15
  147.0435 1018 29
  148.0471 242 7
  149.0213 1395 40
  150.0297 4788 139
  150.3659 119 3
  151.0182 2101.5 61
  152.01 1730 50
  153.0186 1748 50
  153.5457 130 3
  154.0404 182 5
  159.0431 230 6
  161.0218 295 8
  162.6023 208 6
  164.0471 196 5
  165.0604 164 4
  171.0409 209 6
  172.0487 295 8
  174.0294 703 20
  175.0376 3916 114
  175.4989 103 3
  176.0424 601 17
  177.0145 1951 56
  178.0207 740 21
  178.9961 2719 79
  180.0037 1296 37
  181.0121 1417 41
  182.0382 134 3
  185.0586 115 3
  188.0478 484 14
  189.0524 899 26
  191.0369 307 8
  193.0471 988 28
  194.0496 347 10
  195.0436 132 3
  199.0364 1899 55
  200.0364 132 3
  201.0143 400 11
  203.0695 152 4
  209.4163 125 3
  213.0554 575 16
  215.03 342 9
  217.0462 4499 131
  218.0486 740 21
  219.0252 843 24
  230.0509 138 4
  231.0636 1283 37
  232.0666 181 5
  233.0404 172 5
  236.0612 248 7
  241.0438 1059 30
  242.0583 306 8
  243.0258 165 4
  245.0282 158 4
  257.0411 870 25
  258.0457 229 6
  259.0573 2697 78
  259.466 101 2
  259.7099 109 3
  260.0581 1327 38
  261.4712 133 3
  267.0279 305 8
  275.0514 3069 89
  276.0538 781 22
  277.0974 164 4
  284.8703 117 3
  285.0353 34269 999
  285.3123 185 5
  285.4881 244 7
  285.5573 148 4
  285.7652 143 4
  286.0398 2795 81
  287.0433 186 5
  288.0058 103 3
  298.3917 149 4
  303.0426 1622 47
//
