ACCESSION: MSBNK-mFam-MC02_000782
RECORD_TITLE: Isovalerylglycine; ESI-TOF; MS2; CE: 0.6458333;  [M+H]+
DATE: 2023.03.06
AUTHORS: C. Broeckling, Colorado State University Proteomics and Metabolomics Facility
LICENSE: CC BY
PUBLICATION: Broeckling CD;Ganna A;Layer M;Brown K;Sutton B;Ingelsson E;Peers G;Prenni JE; (n.d.). Enabling efficient and confident annotation of LC-MS metabolomics data through MS1 Spectrum and time prediction. Analytical chemistry.
COMMENT: CONFIDENCE Pure standard
CH$NAME: Isovalerylglycine
CH$COMPOUND_CLASS: NA
CH$FORMULA: C7H13NO3
CH$EXACT_MASS: 159.08954
CH$SMILES: CC(C)CC(=O)NCC(O)=O
CH$IUPAC: InChI=1S/C7H13NO3/c1-5(2)3-6(9)8-4-7(10)11/h5H,3-4H2,1-2H3,(H,8,9)(H,10,11)
CH$LINK: INCHIKEY ZRQXMKMBBMNNQC-UHFFFAOYSA-N
AC$INSTRUMENT: waters xevo g2 TOF
AC$INSTRUMENT_TYPE: ESI-TOF
AC$MASS_SPECTROMETRY: MS_TYPE MS2
AC$MASS_SPECTROMETRY: ION_MODE POSITIVE
AC$MASS_SPECTROMETRY: IONIZATION ESI
AC$MASS_SPECTROMETRY: COLLISION_ENERGY 0.6458333
AC$CHROMATOGRAPHY: COLUMN_NAME Acquity CSHC18
AC$CHROMATOGRAPHY: RETENTION_TIME 1.959 min
MS$FOCUSED_ION: BASE_PEAK 160.09754
MS$FOCUSED_ION: PRECURSOR_M/Z 160.09754
MS$FOCUSED_ION: PRECURSOR_TYPE [M+H]+
MS$DATA_PROCESSING: RECALIBRATE loess on assigned fragments and MS1
MS$DATA_PROCESSING: REANALYZE Peaks with additional N2/O included
MS$DATA_PROCESSING: WHOLE RMassBank 3.7.1
PK$SPLASH: splash10-014j-0952010000-729d7bc3611c5f92cbea
PK$NUM_PEAK: 152
PK$PEAK: m/z int. rel.int.
  57.0711 14541 31
  72.9388 1394 3
  76.0403 36890 80
  82.0489 12017 26
  85.0657 33468 72
  98.0446 26055.5 56
  99.0322 1488.5 3
  110.0478 2675.5 5
  114.0282 2023 4
  128.9874 20807 45
  152.987 7428 16
  154.0544 67175 146
  155.012 27632 60
  158.0475 1477 3
  161.062 817.5 1
  165.0644 1735 3
  167.0241 26149 56
  168.0118 11162 24
  169.019 459355 999
  170.0229 112075 243
  171.0101 1941 4
  172.065 24531 53
  173.0822 508 1
  181.0184 9104 19
  182.1347 4149.5 9
  183.0723 2798.2 6
  185.047 2153 4
  186.0212 27610 60
  187.0294 41668 90
  190.0374 2331 5
  198.0443 344700 749
  199.0493 49837 108
  201.0453 18222 39
  202.0472 4982 10
  204.0609 6779 14
  205.0138 2534 5
  209.0098 2265 4
  210.0325 629.5 1
  211.0531 12425 27
  213.0818 1627.5 3
  214.0018 8702 18
  215.0057 714 1
  216.0545 17973 39
  217.0559 1076 2
  223.0862 1399 3
  225.0815 45077 98
  226.0826 6543 14
  238.0285 519 1
  239.1009 14740 32
  240.0807 990.5 2
  243.0766 4518 9
  244.0514 4120 8
  245.0368 9071 19
  247.0572 20724 45
  253.1749 15417 33
  254.0612 905 1
  255.1162 51464.5 111
  256.1683 9845 21
  261.0838 3419 7
  269.1541 32408 70
  270.0971 21321.7 46
  271.0716 5548.5 12
  273.0759 65767 143
  274.1369 569 1
  280.1195 12439 27
  281.1218 3822 8
  282.1031 112383 244
  283.1085 34741 75
  284.1198 11992 26
  285.1257 104139 226
  286.1279 16339 35
  293.068 4959 10
  294.0263 4802 10
  299.1566 24206 52
  300.1138 24279 52
  301.1154 2801 6
  313.1447 7300 15
  327.1243 1188 2
  329.108 4617 10
  331.1157 11458 24
  333.113 2653 5
  339.1257 2866 6
  341.1563 3215 6
  343.1451 29784 64
  344.1965 2201 4
  350.137 12619.5 27
  351.0959 8823 19
  352.0964 556 1
  357.1336 136607 297
  358.1371 11593 25
  365.1234 3935 8
  372.0985 26519 57
  373.1036 6199 13
  379.1156 3360 7
  384.0928 1060 2
  386.1374 719 1
  394.0806 7119 15
  395.0874 26214 57
  396.0891 4298 9
  400.1036 629.5 1
  407.149 1124.5 2
  411.0526 9484 20
  412.0596 5507 11
  413.0575 2025 4
  414.1546 4415 9
  416.1093 1294.5 2
  417.0688 12139 26
  418.0728 5975 12
  423.0307 475 1
  426.035 1823 3
  427.076 7230.5 15
  428.0336 7090 15
  430.079 3080.5 6
  434.0464 571 1
  441.0524 682 1
  468.0747 616 1
  469.0876 541 1
  471.1775 1500 3
  484.0429 1127 2
  507.0793 604 1
  524.216 1595 3
  525.1443 5925 12
  526.1476 1828 3
  540.1846 1099 2
  542.1256 1644 3
  546.1969 2700 5
  553.1683 15175 33
  554.1707 22775 49
  556.158 4063 8
  560.1849 3744 8
  569.1367 4756 10
  570.1416 17040 37
  571.1454 2222 4
  574.1442 2180 4
  575.1509 38325 83
  576.1556 9461 20
  586.1144 19421 42
  588.1207 3189 6
  591.1196 3045 6
  592.119 1874.5 4
  593.1302 852 1
  601.1585 2864 6
  611.1859 885 1
  632.1718 3962 8
  633.1824 1435 3
  705.2897 1443 3
  734.2412 6603.5 14
  735.2421 2731 5
  750.2104 3275 7
  757.2095 1735 3
  827.1411 993 2
  1176.2674 483.5 1
//
