ACCESSION: MSBNK-mFam-MC25_000112
RECORD_TITLE: strobopinin; LC-ESI-ITFT; MS2; CE: 0.3;  [M-H]-
DATE: 2023.03.31
AUTHORS: Maria Halabalaki, Division of Pharmacognosy and Natural Products Chemistry, University of Athens, Greece
LICENSE: CC BY
PUBLICATION: NA
COMMENT: CONFIDENCE Pure standard
CH$NAME: strobopinin
CH$COMPOUND_CLASS: flavanones
CH$FORMULA: C16H14O4
CH$EXACT_MASS: 270.0892
CH$SMILES: CC1=C(C2=C(C=C1O)OC(CC2=O)C3=CC=CC=C3)O
CH$IUPAC: InChI=1S/C16H14O4/c1-9-11(17)7-14-15(16(9)19)12(18)8-13(20-14)10-5-3-2-4-6-10/h2-7,13,17,19H,8H2,1H3
CH$LINK: INCHIKEY INBPQAJYHSJVRY-UHFFFAOYSA-N
AC$INSTRUMENT: LTQ-Orbitrap XL hybrid mass spectrometer (Thermo Scientific)
AC$INSTRUMENT_TYPE: LC-ESI-ITFT
AC$MASS_SPECTROMETRY: MS_TYPE MS2
AC$MASS_SPECTROMETRY: ION_MODE NEGATIVE
AC$MASS_SPECTROMETRY: IONIZATION ESI
AC$MASS_SPECTROMETRY: COLLISION_ENERGY 0.3
AC$CHROMATOGRAPHY: COLUMN_NAME Acquity CSHC18
AC$CHROMATOGRAPHY: RETENTION_TIME 12.150 min
MS$FOCUSED_ION: BASE_PEAK 269.0816
MS$FOCUSED_ION: PRECURSOR_M/Z 269.0816
MS$FOCUSED_ION: PRECURSOR_TYPE [M-H]-
MS$FOCUSED_ION: PRECURSOR_INTENSITY 21832110
MS$DATA_PROCESSING: RECALIBRATE loess on assigned fragments and MS1
MS$DATA_PROCESSING: REANALYZE Peaks with additional N2/O included
MS$DATA_PROCESSING: WHOLE RMassBank 3.7.1
PK$SPLASH: splash10-004i-0490000000-350b8f63f65e695d9d88
PK$NUM_PEAK: 96
PK$PEAK: m/z int. rel.int.
  63.4475 53381 15
  73.2571 57571 16
  76.1697 54290 15
  77.5599 57632 16
  81.3541 52008 14
  83.042 55539 15
  83.3652 65264 18
  85.8214 54435 15
  87.5421 52487 14
  90.1072 58827 16
  90.9515 61009 17
  92.7741 58836 16
  97.0302 77235 21
  99.8505 59507 16
  103.22 69774 19
  110.4851 59720 16
  112.1569 58524 16
  117.5755 53670 15
  118.6283 56272 15
  121.0297 238674 67
  123.6234 58307 16
  123.7029 56748 16
  124.293 67769 19
  129.793 65190 18
  132.0294 66410 18
  143.6186 54971 15
  144.9855 60659 17
  147.0455 208785 58
  150.0335 153214 43
  152.5663 73023 20
  155.6455 82463 23
  157.2448 62800 17
  159.0819 213246 60
  164.4788 75711 21
  165.0196 1340342 378
  166.9771 103893 29
  167.4751 61090 17
  168.0385 64034 18
  169.2943 66191 18
  170.4148 80075 22
  171.0453 95669 27
  173.1711 75102 21
  173.3052 75485 21
  175.6727 67529 19
  178.0272 502236 141
  178.5679 85394 24
  180.4039 69194 19
  181.1 79830 22
  183.0816 753644 212
  183.8589 80945 22
  184.2441 68740 19
  186.069 77324 21
  189.5917 73315 20
  190.1468 79393 22
  191.0356 250677 70
  193.1975 60972 17
  193.9815 68302 19
  196.8633 77971 22
  197.0961 137739 38
  201.0925 276221 78
  204.5238 64156 18
  204.8592 66906 18
  204.9147 69122 19
  206.7556 71929 20
  207.0819 171990 48
  210.0169 99602 28
  211.214 80552 22
  213.2999 84250 23
  216.7653 81866 23
  221.075 82302 23
  223.078 176182 49
  225.0922 2249337 635
  227.0711 3535345 999
  227.3019 64028 18
  230.9805 71766 20
  231.94 76754 21
  232.5884 93877 26
  232.7683 76801 21
  233.1136 78216 22
  236.0067 83626 23
  237.4329 78978 22
  238.6898 95264 26
  240.5066 65244 18
  240.7224 84982 24
  240.9925 78978 22
  241.0868 1085386 306
  247.4264 71231 20
  249.6482 81968 23
  250.166 70408 19
  251.0715 278132 78
  251.5321 69287 19
  258.6179 74260 20
  261.5639 78297 22
  263.886 104599 29
  268.9838 120713 34
  269.0816 1751941 495
//
