ACCESSION: MSBNK-mFam-MC02_000729
RECORD_TITLE: Phloretin; ESI-TOF; MS2; CE: 6.0000000;  [M+H]+
DATE: 2023.03.06
AUTHORS: C. Broeckling, Colorado State University Proteomics and Metabolomics Facility
LICENSE: CC BY
PUBLICATION: Broeckling CD;Ganna A;Layer M;Brown K;Sutton B;Ingelsson E;Peers G;Prenni JE; (n.d.). Enabling efficient and confident annotation of LC-MS metabolomics data through MS1 Spectrum and time prediction. Analytical chemistry.
COMMENT: CONFIDENCE Pure standard
CH$NAME: Phloretin
CH$COMPOUND_CLASS: NA
CH$FORMULA: C15H14O5
CH$EXACT_MASS: 274.08412
CH$SMILES: OC1=CC=C(CCC(=O)C2=C(O)C=C(O)C=C2O)C=C1
CH$IUPAC: InChI=1S/C15H14O5/c16-10-4-1-9(2-5-10)3-6-12(18)15-13(19)7-11(17)8-14(15)20/h1-2,4-5,7-8,16-17,19-20H,3,6H2
CH$LINK: INCHIKEY VGEREEWJJVICBM-UHFFFAOYSA-N
AC$INSTRUMENT: waters xevo g2 TOF
AC$INSTRUMENT_TYPE: ESI-TOF
AC$MASS_SPECTROMETRY: MS_TYPE MS2
AC$MASS_SPECTROMETRY: ION_MODE POSITIVE
AC$MASS_SPECTROMETRY: IONIZATION ESI
AC$MASS_SPECTROMETRY: COLLISION_ENERGY 6.0000000
AC$CHROMATOGRAPHY: COLUMN_NAME Acquity CSHC18
AC$CHROMATOGRAPHY: RETENTION_TIME 2.327 min
MS$FOCUSED_ION: BASE_PEAK 275.09212
MS$FOCUSED_ION: PRECURSOR_M/Z 275.09212
MS$FOCUSED_ION: PRECURSOR_TYPE [M+H]+
MS$DATA_PROCESSING: RECALIBRATE loess on assigned fragments and MS1
MS$DATA_PROCESSING: REANALYZE Peaks with additional N2/O included
MS$DATA_PROCESSING: WHOLE RMassBank 3.7.1
PK$SPLASH: splash10-00di-0191731000-b99e33faaff02c09fe6e
PK$NUM_PEAK: 144
PK$PEAK: m/z int. rel.int.
  71.0501 17287 5
  85.0294 68781 23
  96.9958 14408 4
  113.9647 45798 15
  127.0405 5005 1
  127.9805 42978 14
  129.0552 5360.5 1
  137.9882 58157 20
  139.9885 5640 1
  147.0632 16027 5
  153.0191 101027 34
  163.9771 4720 1
  171.0297 14396 4
  172.9778 25694 8
  179.0349 4258 1
  185.0453 68008 23
  186.0484 4133 1
  195.0295 16010 5
  240.0941 9575 3
  255.087 9318 3
  257.102 7888 2
  263.0561 6341 2
  271.1066 39765.5 13
  272.0641 12429 4
  273.1711 2891663.5 999
  274.0798 510710.5 176
  275.082 153356 52
  276.0852 13982 4
  281.066 45313 15
  282.0699 3043 1
  285.0771 4008 1
  293.1242 31420 10
  297.0743 15582 5
  302.0995 4037 1
  303.0881 15403 5
  309.0608 9006.5 3
  310.0728 4357.5 1
  315.0868 241085 83
  316.0902 47498 16
  317.0831 4343 1
  330.5863 5328 1
  339.0863 64179 22
  340.0907 11760 4
  381.0975 15846 5
  383.1121 64569 22
  384.1161 31172 10
  385.1204 4683 1
  399.1087 29185 10
  400.1117 5148 1
  401.1235 286023 98
  402.1271 69223 23
  403.1299 11708 4
  417.1184 220303 76
  418.1217 55733 19
  419.134 907685 313
  420.1374 227597 78
  421.1396 45118 15
  425.1158 9504 3
  433.1137 6675 2
  435.1292 806049 278
  436.1321 201317 69
  437.1341 43005 14
  438.1377 3380 1
  443.1333 44360 15
  444.1395 9502 3
  446.1082 4291 1
  459.129 39067 13
  460.1361 8366 2
  461.1411 63329 21
  462.1476 6869 2
  464.1288 6248 2
  467.1336 3789 1
  473.0766 5913 2
  477.1393 14060 4
  511.1596 4718 1
  527.1554 32570 11
  528.1595 7225 2
  529.1709 13159 4
  530.1751 3692 1
  545.166 66726 23
  546.1717 20568 7
  547.1805 19471 6
  548.1829 3825 1
  563.1761 65371 22
  564.1805 19987 6
  565.1921 69947 24
  566.1956 18088 6
  567.1957 3304 1
  579.1711 283489 97
  580.1733 90901 31
  581.1856 363192 125
  582.1904 216039 74
  583.1927 54723 18
  584.1967 4456 1
  587.1929 5632 1
  589.1939 6317 2
  595.1676 3069 1
  600.1602 7038 2
  600.6634 3879 1
  601.1096 9367.5 3
  603.1693 235501 81
  604.1721 87069 30
  605.1755 27482 9
  606.1745 5610 1
  607.2014 11553 3
  608.1983 2957 1
  609.1843 42823 14
  610.1865 12438 4
  619.1369 22626 7
  621.141 6300 2
  623.1929 9263 3
  633.1771 4183 1
  666.1239 24831 8
  667.1327 8531 2
  675.1248 7482 2
  676.1248 9097.5 3
  691.2234 11867 4
  709.2331 23669 8
  710.2386 9464 3
  711.244 4454 1
  725.2239 8204 2
  727.244 194735 67
  728.2473 71288 24
  729.2519 21991 7
  819.2659 3256 1
  869.2484 4567 1
  873.2996 13783 4
  874.3041 6461 2
  889.2974 8694 3
  890.2552 15769 5
  890.7506 4900 1
  891.2196 7929 2
  1015.3025 3280 1
  1068.2161 10664 3
  1161.3619 6591 2
  1180.3396 21166 7
  1180.8398 26481 9
  1181.3438 13388 4
  1181.8422 6485 2
  1183.3441 32591.5 11
  1184.3491 111039 38
  1185.343 16524 5
  1186.3455 8572 2
  1199.3117 29210 10
//
