ACCESSION: MSBNK-mFam-MC25_000137
RECORD_TITLE: Macarpine; LC-ESI-ITFT; MS2; CE: 0.3;  [M]+
DATE: 2023.03.31
AUTHORS: Maria Halabalaki, Division of Pharmacognosy and Natural Products Chemistry, University of Athens, Greece
LICENSE: CC BY
PUBLICATION: NA
COMMENT: CONFIDENCE Pure standard
CH$NAME: Macarpine
CH$COMPOUND_CLASS: alkaloids
CH$FORMULA: [C22H18NO6]+
CH$EXACT_MASS: 392.1129
CH$SMILES: C[N+]1=CC2=C3C(=CC(=C2C4=C1C5=CC6=C(C=C5C(=C4)OC)OCO6)OC)OCO3
CH$IUPAC: InChI=1S/C22H18NO6/c1-23-8-14-20(18(25-3)7-19-22(14)29-10-28-19)13-6-15(24-2)11-4-16-17(27-9-26-16)5-12(11)21(13)23/h4-8H,9-10H2,1-3H3/q+1
CH$LINK: INCHIKEY SBVRPBAVNZNLKX-UHFFFAOYSA-N
AC$INSTRUMENT: LTQ-Orbitrap XL hybrid mass spectrometer (Thermo Scientific)
AC$INSTRUMENT_TYPE: LC-ESI-ITFT
AC$MASS_SPECTROMETRY: MS_TYPE MS2
AC$MASS_SPECTROMETRY: ION_MODE POSITIVE
AC$MASS_SPECTROMETRY: IONIZATION ESI
AC$MASS_SPECTROMETRY: COLLISION_ENERGY 0.3
AC$CHROMATOGRAPHY: COLUMN_NAME Acquity CSHC18
AC$CHROMATOGRAPHY: RETENTION_TIME 7.899 min
MS$FOCUSED_ION: BASE_PEAK 392.1119
MS$FOCUSED_ION: PRECURSOR_M/Z 392.1119
MS$FOCUSED_ION: PRECURSOR_TYPE [M]+
MS$FOCUSED_ION: PRECURSOR_INTENSITY 79004410
MS$DATA_PROCESSING: RECALIBRATE loess on assigned fragments and MS1
MS$DATA_PROCESSING: REANALYZE Peaks with additional N2/O included
MS$DATA_PROCESSING: WHOLE RMassBank 3.7.1
PK$SPLASH: splash10-004i-0009000000-bae3c5d3eb157807cc3c
PK$NUM_PEAK: 101
PK$PEAK: m/z int. rel.int.
  97.6217 130772 2
  97.7089 140104 2
  102.4495 140260 2
  104.5163 141983 2
  104.9995 115724 1
  105.4694 109755 1
  106.5537 131181 2
  107.5027 129752 2
  110.5073 158074 2
  115.088 121372 2
  120.9471 141837 2
  127.4927 141213 2
  128.8587 132164 2
  135.094 145215 2
  136.6839 134919 2
  145.8141 130453 2
  148.6183 137934 2
  149.3572 143512 2
  155.2748 129725 2
  157.6495 114684 1
  166.9467 314651 5
  173.1766 150937 2
  175.3979 138426 2
  193.6755 138056 2
  200.6901 152168 2
  218.4967 135818 2
  223.5907 144191 2
  225.2714 165097 2
  225.8509 157273 2
  236.6863 145944 2
  237.2669 135900 2
  237.7861 127132 2
  242.0894 179203 2
  244.7098 146291 2
  269.4381 163572 2
  270.0698 148838 2
  273.7558 161703 2
  283.8546 158064 2
  287.4933 163902 2
  296.2583 155572 2
  298.5316 194187 3
  303.7663 183315 3
  304.8709 139164 2
  307.1817 156206 2
  308.6891 161985 2
  310.3059 159058 2
  310.9871 180635 3
  312.4486 175848 2
  313.0639 172450 2
  313.9797 154467 2
  317.1828 160982 2
  318.3939 173326 2
  322.7081 192789 3
  323.2997 153150 2
  323.7685 193548 3
  324.0709 187994 3
  326.2076 156595 2
  328.0476 157174 2
  328.421 159741 2
  331.0859 230015 3
  332.4187 184627 3
  332.8916 183809 3
  334.1072 2072693 34
  336.0457 194050 3
  347.079 511944 8
  348.086 2179812 36
  349.0939 1904121 31
  349.6628 186211 3
  359.0782 732109 12
  359.6113 143556 2
  360.0796 202999 3
  361.0941 1648897 27
  362.0987 361617 6
  364.117 2960481 49
  366.4095 170768 2
  371.077 184290 3
  372.8739 209058 3
  373.6951 179764 3
  373.9291 261187 4
  376.0807 1427164 23
  376.3068 211151 3
  376.9305 232875 3
  376.9469 399706 6
  376.9909 422906 7
  377.0127 235043 3
  377.0889 59828920 999
  377.1707 296890 4
  377.1917 322306 5
  377.215 273491 4
  377.236 283510 4
  377.2571 282085 4
  377.3211 196813 3
  378.0918 3943936 65
  379.1703 241896 4
  380.2968 345718 5
  381.0078 179881 3
  388.9355 175667 2
  389.131 183509 3
  389.3739 216244 3
  392.1148 320012 5
  392.322 170593 2
//
