ACCESSION: MSBNK-mFam-MC02_000678
RECORD_TITLE: Mannitol; ESI-TOF; MS2; CE: 0.6458333;  [M+H]+
DATE: 2023.03.06
AUTHORS: C. Broeckling, Colorado State University Proteomics and Metabolomics Facility
LICENSE: CC BY
PUBLICATION: Broeckling CD;Ganna A;Layer M;Brown K;Sutton B;Ingelsson E;Peers G;Prenni JE; (n.d.). Enabling efficient and confident annotation of LC-MS metabolomics data through MS1 Spectrum and time prediction. Analytical chemistry.
COMMENT: CONFIDENCE Pure standard
CH$NAME: Mannitol
CH$COMPOUND_CLASS: NA
CH$FORMULA: C6H14O6
CH$EXACT_MASS: 182.07904
CH$SMILES: OCC(O)C(O)C(O)C(O)CO
CH$IUPAC: InChI=1S/C6H14O6/c7-1-3(9)5(11)6(12)4(10)2-8/h3-12H,1-2H2
CH$LINK: INCHIKEY FBPFZTCFMRRESA-UHFFFAOYSA-N
AC$INSTRUMENT: waters xevo g2 TOF
AC$INSTRUMENT_TYPE: ESI-TOF
AC$MASS_SPECTROMETRY: MS_TYPE MS2
AC$MASS_SPECTROMETRY: ION_MODE POSITIVE
AC$MASS_SPECTROMETRY: IONIZATION ESI
AC$MASS_SPECTROMETRY: COLLISION_ENERGY 0.6458333
AC$CHROMATOGRAPHY: COLUMN_NAME Acquity CSHC18
AC$CHROMATOGRAPHY: RETENTION_TIME 0.558 min
MS$FOCUSED_ION: BASE_PEAK 183.08704
MS$FOCUSED_ION: PRECURSOR_M/Z 183.08704
MS$FOCUSED_ION: PRECURSOR_TYPE [M+H]+
MS$DATA_PROCESSING: RECALIBRATE loess on assigned fragments and MS1
MS$DATA_PROCESSING: REANALYZE Peaks with additional N2/O included
MS$DATA_PROCESSING: WHOLE RMassBank 3.7.1
PK$SPLASH: splash10-00r2-2931000000-c2b1fa628705c88871a8
PK$NUM_PEAK: 128
PK$PEAK: m/z int. rel.int.
  69.0342 13548 254
  73.029 2551 47
  83.0498 10276 193
  85.029 8557 160
  87.0103 1619.5 30
  96.9614 17921 336
  97.9691 29842 561
  99.01 12890.5 242
  102.0158 6110 114
  103.9591 748 14
  111.0328 13214 248
  112.991 3962 74
  113.9643 12619 237
  114.9716 28636 538
  117.0549 121 2
  118.943 884 16
  124.9564 5030 94
  125.9772 1383 26
  126.9483 5948 111
  129.0528 5232 98
  131.0008 2255 42
  132.0263 5647 106
  132.9586 5890 110
  139.5193 121 2
  139.9597 47073 885
  140.5411 121 2
  140.9621 7480 140
  141.9592 121 2
  143.0044 1280 24
  144.973 6635 124
  147.0325 4814 90
  148.0689 121 2
  156.0367 121 2
  157.9658 7415 139
  159.9693 121 2
  160.9904 121 2
  165.0761 121 2
  167.9727 121 2
  169.9665 39136 735
  171.0102 7848 147
  173.9615 38414 722
  174.9682 14444 271
  175.9779 2879 54
  180.0318 121 2
  181.9669 6340 119
  183.0867 121 2
  184.0406 1519.3 28
  185.0123 1117 21
  189.06 6172.5 116
  190.9842 1716 32
  193.0559 3189 59
  194.0709 121 2
  194.5749 121 2
  195.0718 121 2
  195.9697 3185 59
  197.9827 1016 19
  199.977 53131 999
  201.0171 2094.5 39
  202.0607 9741 183
  202.5625 121 2
  203.0429 6308 118
  205.0684 15334 288
  206.0306 8255 155
  207.0727 121 2
  209.5489 121 2
  210.0469 121 2
  210.5486 121 2
  211.047 121 2
  211.5483 121 2
  212.0452 121 2
  212.5478 121 2
  213.0435 121 2
  217.0547 121 2
  217.8601 721 13
  218.9942 2383.5 44
  221.0232 7961 149
  225.9923 4178 78
  228.5175 121 2
  230.4491 772 14
  232.0033 1882 35
  235.9998 12289 231
  236.9725 16623.5 312
  239.0065 121 2
  246.0165 121 2
  252.0102 121 2
  253.05 121 2
  254.0084 37712 709
  258.1681 121 2
  258.887 121 2
  277.0243 121 2
  278.0119 121 2
  280.0232 121 2
  282.0035 121 2
  283.0484 121 2
  285.0119 121 2
  292.0236 3827 71
  293.1011 121 2
  299.0276 1091 20
  302.0856 121 2
  309.0276 121 2
  319 1695 31
  320.9888 606 11
  322.034 30631 575
  323.0403 121 2
  350.9454 3879 72
  354.5019 121 2
  367.1181 121 2
  387.1449 121 2
  389.1227 17785 334
  391.1267 121 2
  403.1124 121 2
  404.9565 121 2
  414.0812 121 2
  415.0851 121 2
  416.0826 121 2
  417.0872 121 2
  418.077 18184 341
  419.0845 13837 260
  420.0845 121 2
  421.0861 121 2
  427.0736 121 2
  449.122 121 2
  470.9893 121 2
  473.994 121 2
  482.9855 121 2
  499.9929 121 2
  503.0359 121 2
  568.954 121 2
//
