ACCESSION: MSBNK-mFam-MC11_000074
RECORD_TITLE: Dihydromyricetin; LC-ESI-QTOF; MS2; CE: 50eV;  [M-H]-
DATE: 2023.04.05
AUTHORS: Jörg Ziegler, Leibniz-Institute of Plant Biochemistry, Halle, Germany
LICENSE: CC BY
PUBLICATION: NA
COMMENT: CONFIDENCE Pure standard
CH$NAME: Dihydromyricetin
CH$COMPOUND_CLASS: Flavanonol
CH$FORMULA: C15H12O8
CH$EXACT_MASS: 320.0532
CH$SMILES: C1=C(C=C(C(=C1O)O)O)C2C(C(=O)C3=C(C=C(C=C3O2)O)O)O
CH$IUPAC: InChI=1S/C15H12O8/c16-6-3-7(17)11-10(4-6)23-15(14(22)13(11)21)5-1-8(18)12(20)9(19)2-5/h1-4,14-20,22H
CH$LINK: INCHIKEY KJXSIXMJHKAJOD-UHFFFAOYSA-N
AC$INSTRUMENT: TIMS-TOF Pro, Bruker Daltonik; Elute UHPLC System, Bruker Daltonik
AC$INSTRUMENT_TYPE: LC-ESI-QTOF
AC$MASS_SPECTROMETRY: MS_TYPE MS2
AC$MASS_SPECTROMETRY: ION_MODE NEGATIVE
AC$MASS_SPECTROMETRY: IONIZATION ESI
AC$MASS_SPECTROMETRY: COLLISION_ENERGY 50eV
AC$CHROMATOGRAPHY: COLUMN_NAME Acquity CSHC18
AC$CHROMATOGRAPHY: RETENTION_TIME 4.676 min
MS$FOCUSED_ION: BASE_PEAK 319.0391
MS$FOCUSED_ION: PRECURSOR_M/Z 319.0391
MS$FOCUSED_ION: PRECURSOR_TYPE [M-H]-
MS$FOCUSED_ION: PRECURSOR_INTENSITY 69077.75
MS$DATA_PROCESSING: RECALIBRATE loess on assigned fragments and MS1
MS$DATA_PROCESSING: REANALYZE Peaks with additional N2/O included
MS$DATA_PROCESSING: WHOLE RMassBank 3.7.1
PK$SPLASH: splash10-056u-2910000000-a1cef1df7add85524fe0
PK$NUM_PEAK: 135
PK$PEAK: m/z int. rel.int.
  21.1536 266 12
  31.0901 331 15
  34.9407 122 5
  41.0025 1106 52
  45.6291 253 12
  49.8284 232 11
  54.1859 148 7
  57.0335 20207 966
  57.1562 145 6
  57.3793 127 6
  58.0441 181 8
  59.1642 298 14
  63.0236 717 34
  63.8273 189 9
  65.0385 373 17
  66.0046 107 5
  67.0179 350 16
  68.9969 273 13
  71.736 248 11
  72.8608 426 20
  74.9331 291 13
  79.0178 319 15
  80.0232 183 8
  81.0334 1110 53
  82.1886 237 11
  83.0126 5467 261
  84.8456 141 6
  91.0175 325 15
  93.0322 1329 63
  95.0121 617 29
  96.0183 859 41
  97.5384 322 15
  101.0371 262 12
  106.0457 164 7
  107.0124 2170 103
  108.0195 332 15
  109.028 7575 362
  110.0313 634 30
  110.5728 168 8
  111.0426 938 44
  112.7622 127 6
  115.0559 268 12
  117.6683 196 9
  119.0113 1426 68
  120.0197 382 18
  121.0288 2254 107
  123.0074 1591 76
  123.5168 275 13
  124.0149 3591 171
  124.1853 143 6
  125.0231 20894 999
  125.1148 171 8
  125.2083 120 5
  126.0229 319 15
  126.5031 125 5
  127.0285 192 9
  128.056 230 10
  129.5071 301 14
  135.0248 671.5 32
  137.0219 6341 303
  138.0278 591 28
  139.0392 2255 107
  140.0431 361 17
  143.0501 148 7
  145.6225 363 17
  147.0052 1622 77
  148.0145 456 21
  149.0213 877 41
  151.0008 3484 166
  151.2353 271 12
  152.01 747 35
  153.0167 1800 86
  154.0169 230 10
  158.0366 252 12
  159.0431 510 24
  160.0489 322 15
  163.0208 513 24
  164.041 262 12
  165.0158 2858 136
  166.022 1089 52
  167.0312 2488 118
  168.0312 178 8
  171.0429 178 8
  173.0221 293 14
  175.0001 7321 350
  176.0027 1016 48
  177.0019 173 8
  178.3596 222 10
  178.9961 4789 228
  179.9995 535 25
  181.01 830 39
  183.0394 202 9
  186.0294 176 8
  187.0373 877 41
  189.0155 219 10
  190.0249 418 19
  191.0304 4232 202
  191.1219 122 5
  192.0342 258 12
  192.9924 16153 772
  193.3298 209 9
  193.5821 136 6
  193.6632 138 6
  194.0145 1652 78
  195.015 257 12
  198.0654 253 12
  203.0695 202 9
  205.0448 186 8
  213.0531 283 13
  215.03 2782 133
  215.6987 105 5
  220.0298 158 7
  228.037 166 7
  232.0306 462 22
  233.0428 1587 75
  234.0452 211 10
  235.0207 163 7
  239.0284 137 6
  240.0314 188 8
  245.048 173 8
  249.0653 143 6
  257.0411 3979 190
  258.0482 286 13
  259.0472 120 5
  262.0376 179 8
  275.0514 685 32
  276.0565 274 13
  283.0158 178 8
  290.035 174 8
  291.0455 883 42
  299.5013 135 6
  301.0286 3791 181
  302.0279 250 11
  303.6083 110 5
  319.0391 433 20
//
