ACCESSION: MSBNK-mFam-MC25_000096
RECORD_TITLE: Myricetin-3-O-(6''-O-galloyl)-β-D-galactopyranoside; LC-ESI-ITFT; MS2; CE: 0.3;  [M-H]-
DATE: 2023.03.31
AUTHORS: Maria Halabalaki, Division of Pharmacognosy and Natural Products Chemistry, University of Athens, Greece
LICENSE: CC BY
PUBLICATION: NA
COMMENT: CONFIDENCE Pure standard
CH$NAME: Myricetin-3-O-(6''-O-galloyl)-β-D-galactopyranoside
CH$COMPOUND_CLASS: flavonol glycosides
CH$FORMULA: C28H24O17
CH$EXACT_MASS: 632.1013
CH$SMILES: C1=C(C=C(C(=C1O)O)O)C2=C(C(=O)C3=C(C=C(C=C3O2)O)O)OC4C(C(C(C(O4)COC(=O)C5=CC(=C(C(=C5)O)O)O)O)O)O
CH$IUPAC: InChI=1S/C28H24O17/c29-10-5-11(30)18-16(6-10)43-25(8-1-12(31)19(35)13(32)2-8)26(22(18)38)45-28-24(40)23(39)21(37)17(44-28)7-42-27(41)9-3-14(33)20(36)15(34)4-9/h1-6,17,21,23-24,28-37,39-40H,7H2
CH$LINK: INCHIKEY FOMYLMGOSTVYEE-UHFFFAOYSA-N
AC$INSTRUMENT: LTQ-Orbitrap XL hybrid mass spectrometer (Thermo Scientific)
AC$INSTRUMENT_TYPE: LC-ESI-ITFT
AC$MASS_SPECTROMETRY: MS_TYPE MS2
AC$MASS_SPECTROMETRY: ION_MODE NEGATIVE
AC$MASS_SPECTROMETRY: IONIZATION ESI
AC$MASS_SPECTROMETRY: COLLISION_ENERGY 0.3
AC$CHROMATOGRAPHY: COLUMN_NAME Acquity CSHC18
AC$CHROMATOGRAPHY: RETENTION_TIME 4.275 min
MS$FOCUSED_ION: BASE_PEAK 631.0922
MS$FOCUSED_ION: PRECURSOR_M/Z 631.0922
MS$FOCUSED_ION: PRECURSOR_TYPE [M-H]-
MS$FOCUSED_ION: PRECURSOR_INTENSITY 14675460
MS$DATA_PROCESSING: RECALIBRATE loess on assigned fragments and MS1
MS$DATA_PROCESSING: REANALYZE Peaks with additional N2/O included
MS$DATA_PROCESSING: WHOLE RMassBank 3.7.1
PK$SPLASH: splash10-004i-0001900000-1f432ff66e3a0c1d94f3
PK$NUM_PEAK: 147
PK$PEAK: m/z int. rel.int.
  162.1941 7788 1
  163.5055 8447 1
  167.0952 15473 2
  171.937 6945 1
  172.8058 7353 1
  178.9969 11218 1
  183.4466 8906 1
  184.4083 7066 1
  187.3548 8358 1
  192.7302 7932 1
  212.4037 7467 1
  221.3491 8698 1
  225.2318 8937 1
  226.6374 8209 1
  227.0352 17126 2
  228.7599 7297 1
  249.2791 10270 1
  262.7958 9080 1
  263.2903 8836 1
  271.0366 63037 9
  272.8113 9822 1
  274.5861 10179 1
  299.0189 256656 38
  300.0215 14275 2
  300.5447 10092 1
  301.0345 71185 10
  305.5282 12036 1
  310.5337 13131 1
  313.0573 23391 3
  316.0214 244548 37
  317.0294 389959 59
  318.032 17982 2
  319.4586 10600 1
  321.1315 9879 1
  322.83 10489 1
  329.5358 9939 1
  331.238 11912 1
  332.5128 9214 1
  349.7953 10086 1
  352.0678 10151 1
  352.1271 10142 1
  356.6233 11705 1
  356.9208 8818 1
  358.7758 9803 1
  359.042 13922 2
  362.4323 10197 1
  365.4499 11102 1
  371.696 11290 1
  374.0599 14090 2
  375.5271 9846 1
  376.9026 12137 1
  380.8788 10133 1
  381.3558 12967 1
  386.2959 13093 1
  388.5793 10382 1
  390.9633 12334 1
  391.1435 11473 1
  391.4579 10766 1
  391.8612 11446 1
  392.3321 11031 1
  392.7069 18593 2
  393.9754 14255 2
  394.2897 11243 1
  395.5349 9795 1
  397.3312 14117 2
  398.4069 11803 1
  399.5147 8712 1
  399.5547 10410 1
  400.0288 14367 2
  401.7016 11167 1
  402.6207 18088 2
  405.0611 16024 2
  405.1532 9754 1
  406.18 11100 1
  407.6797 11299 1
  408.4767 11960 1
  436.1999 14957 2
  454.2191 13910 2
  455.992 12066 1
  463.6643 12341 1
  464.3114 13275 2
  474.5553 27781 4
  476.053 19115 2
  478.5558 13370 2
  478.5784 10776 1
  478.6211 24046 3
  478.6819 17354 2
  478.7111 17037 2
  478.7432 19599 2
  478.778 28911 4
  478.8054 23904 3
  478.841 30201 4
  478.87 28155 4
  478.9015 31544 4
  478.9331 35977 5
  478.9663 43149 6
  479.0819 6592648 999
  479.1877 23415 3
  479.2197 40201 6
  479.2504 38133 5
  479.2827 35490 5
  479.3097 26220 3
  479.3477 31505 4
  479.4114 29174 4
  479.4397 22369 3
  479.469 16418 2
  479.5048 18110 2
  479.5331 14508 2
  479.5695 18719 2
  479.5968 13194 1
  480.0858 463953 70
  482.1338 13468 2
  483.6719 26717 4
  504.253 13697 2
  508.853 13244 2
  511.9636 14642 2
  518.2262 12550 1
  523.9282 11976 1
  533.4992 12094 1
  541.042 16065 2
  541.4758 12691 1
  553.4107 13724 2
  563.4466 13334 2
  576.574 18433 2
  577.2221 13449 2
  584.3836 12324 1
  584.5306 13652 2
  586.5795 12239 1
  589.2135 11527 1
  589.7098 16486 2
  590.695 13679 2
  593.9226 13441 2
  595.662 17225 2
  596.4483 11242 1
  598.1798 15554 2
  599.6139 14341 2
  611.4136 15890 2
  611.867 13287 2
  613.6075 12840 1
  615.6218 16158 2
  618.9249 13278 2
  624.3712 11384 1
  625.0954 13804 2
  625.7539 12803 1
  625.9769 10663 1
  626.0608 11437 1
  627.7734 16254 2
//
