ACCESSION: MSBNK-mFam-MC02_000652
RECORD_TITLE: 4-Methylcatechol; ESI-TOF; MS2; CE: 0.6458333;  [M+H]+
DATE: 2023.03.06
AUTHORS: C. Broeckling, Colorado State University Proteomics and Metabolomics Facility
LICENSE: CC BY
PUBLICATION: Broeckling CD;Ganna A;Layer M;Brown K;Sutton B;Ingelsson E;Peers G;Prenni JE; (n.d.). Enabling efficient and confident annotation of LC-MS metabolomics data through MS1 Spectrum and time prediction. Analytical chemistry.
COMMENT: CONFIDENCE Pure standard
CH$NAME: 4-Methylcatechol
CH$COMPOUND_CLASS: NA
CH$FORMULA: C7H8O2
CH$EXACT_MASS: 124.05243
CH$SMILES: CC1=CC(O)=C(O)C=C1
CH$IUPAC: InChI=1S/C7H8O2/c1-5-2-3-6(8)7(9)4-5/h2-4,8-9H,1H3
CH$LINK: INCHIKEY ZBCATMYQYDCTIZ-UHFFFAOYSA-N
AC$INSTRUMENT: waters xevo g2 TOF
AC$INSTRUMENT_TYPE: ESI-TOF
AC$MASS_SPECTROMETRY: MS_TYPE MS2
AC$MASS_SPECTROMETRY: ION_MODE POSITIVE
AC$MASS_SPECTROMETRY: IONIZATION ESI
AC$MASS_SPECTROMETRY: COLLISION_ENERGY 0.6458333
AC$CHROMATOGRAPHY: COLUMN_NAME Acquity CSHC18
AC$CHROMATOGRAPHY: RETENTION_TIME 2.167 min
MS$FOCUSED_ION: BASE_PEAK 125.06043
MS$FOCUSED_ION: PRECURSOR_M/Z 125.06043
MS$FOCUSED_ION: PRECURSOR_TYPE [M+H]+
MS$DATA_PROCESSING: RECALIBRATE loess on assigned fragments and MS1
MS$DATA_PROCESSING: REANALYZE Peaks with additional N2/O included
MS$DATA_PROCESSING: WHOLE RMassBank 3.7.1
PK$SPLASH: splash10-0fb9-3913000000-027229aa20f764b39d4d
PK$NUM_PEAK: 219
PK$PEAK: m/z int. rel.int.
  65.0399 23011 50
  66.0474 19822 43
  67.0556 134185 296
  68.0591 7761 17
  68.9992 25940 57
  73.0293 1486 3
  76.0086 2127 4
  77.0398 154922 342
  78.0471 37544 83
  79.0549 11357 25
  81.0357 2896 6
  82.0423 18783 41
  84.0533 3753 8
  85.0132 15445 34
  90.0055 9708 21
  93.0343 3816 8
  94.0417 61112 135
  95.0045 218665.5 483
  96.0101 16343 36
  98.0698 1021 2
  99.0107 38729 85
  101.0264 15294.5 33
  105.023 10157 22
  106.0423 9389 20
  106.5039 2200 4
  107.0499 3842 8
  108.0347 31571 69
  109.0469 10460 23
  110.0366 85400 188
  112.048 7732 17
  113.9905 25073.5 55
  114.9488 2011 4
  115.5093 2924 6
  116.9994 2507.5 5
  121.0021 12684 28
  122.0046 20515 45
  122.5117 3269 7
  123.1768 32635.2 72
  124.0161 25826.5 57
  125.0152 191886.5 424
  126.021 16453 36
  127.0575 10151 22
  128.021 28498 63
  128.5233 4062 8
  130.0149 1651 3
  130.5225 4628 10
  131.0157 13245.5 29
  131.5177 4452 9
  132.0078 8531 18
  132.5366 2654 5
  132.9967 25578 56
  135.0241 5544 12
  135.509 1872 4
  135.9937 15401 34
  136.5099 1708 3
  137.0602 48567 107
  137.5276 6704 14
  138.0638 1840 4
  139.0344 24933.7 55
  140.0374 7921.5 17
  142.2213 12886.3 28
  143.0714 1388 3
  144.515 2962 6
  145.0179 18365 40
  145.5148 1351 2
  145.9944 14412.5 31
  146.5324 2561 5
  147.0453 1180 2
  147.9838 13365 29
  149.0086 21783.5 48
  149.5071 2156 4
  149.9912 27139.5 60
  150.5074 2077 4
  151.0242 41810 92
  151.5263 3636 8
  152.0124 25077.5 55
  153.0553 56988 126
  154.012 9071.3 20
  156.0742 7528 16
  157.0656 702 1
  158.0224 3464.5 7
  159.0398 696 1
  159.5195 2034 4
  160.0385 1237 2
  161.0259 56538 125
  161.9994 100525 222
  163.0071 14697 32
  164.9883 1689 3
  166.007 3748.5 8
  167.0299 27392 60
  168.0264 5151 11
  172.0293 21944 48
  172.5233 3798 8
  172.9735 6313 13
  173.9968 35071 77
  175.0182 20068.3 44
  176.0082 4542 10
  177.0086 56295 124
  178.0299 355264.5 786
  178.977 155366 343
  179.994 72788 161
  180.5153 552 1
  181.0264 3709 8
  181.5359 1013 2
  182.0144 13844.5 30
  183.03 1575 3
  185.0316 2600.3 5
  189.9839 5060 11
  191.0311 2714.8 6
  192.0102 21200 46
  192.9839 15963 35
  193.9931 10135.5 22
  195.0015 16446 36
  195.9826 122500 271
  196.982 21413 47
  197.9836 6281 13
  199.0859 3102 6
  200.039 1042.5 2
  204.0222 2416 5
  205.0219 2776 6
  207.9823 58590 129
  209.0076 7272.5 16
  209.9981 20307 44
  211.0242 3357.3 7
  212.0014 1191 2
  212.9924 1390 3
  224.0333 897 1
  224.9862 6933 15
  225.993 8321 18
  227.0545 5789.5 12
  228.0369 832 1
  229.0624 616 1
  237.0303 5159.3 11
  239.0031 2987 6
  240.0092 1172 2
  242.9502 1338 2
  246.0402 2621 5
  249.0096 1691 3
  255.0233 955.5 2
  256.0411 2811 6
  262.0287 3779 8
  267.0616 2276 5
  268.0603 1390 3
  269.0362 14425 31
  270.033 19187.5 42
  271.0412 20136 44
  272.0416 49197.5 108
  273.0433 11812.5 26
  284.0367 4662 10
  285.03 2652.3 5
  286.0174 4094.5 9
  287.0244 3366 7
  291.0326 1254 2
  292.0315 2297 5
  294.0199 3383 7
  295.0065 7154 15
  296.0145 52902 117
  297.0164 24969 55
  298.0134 38644 85
  299.0033 37798 83
  300.0088 451441 999
  301.0127 127852 282
  302.0134 25373 56
  313.0154 614 1
  314.0461 4530 10
  315.0294 23040.5 50
  316.0427 2683 5
  319.0344 747 1
  322.9986 16617 36
  324.0018 3500 7
  327.0574 1216.5 2
  328.0322 3424 7
  329.0313 3415 7
  330.0193 65599 145
  331.0232 19438 43
  332.0237 3901 8
  339.9738 2769 6
  344.0573 1815 4
  345.0349 23529 52
  346.0104 12539 27
  350.0748 2140 4
  356.034 4920 10
  357.036 1489 3
  358.0351 3860 8
  360.0299 46482 102
  361.0339 11231 24
  362.0327 4488 9
  364.0265 1079 2
  378.0992 2865 6
  391.092 930 2
  394.0716 17423 38
  395.0384 2990 6
  396.0741 1510 3
  408.1071 2975 6
  412.9432 1541 3
  421.062 628 1
  422.0456 5577 12
  423.0688 1247.5 2
  424.0674 10249.5 22
  425.0864 7123 15
  426.0854 2766 6
  436.9358 711 1
  446.0322 585 1
  462.0097 7844 17
  463.0125 4000 8
  472.9839 1239 2
  477.9824 20737 45
  478.9866 11241 24
  481.1268 2902.5 6
  500.9711 2578 5
  501.9587 669 1
  525.2895 1932 4
  596.0242 585 1
  623.0108 2475 5
  777.9818 1932 4
  778.9953 2784 6
  780.0009 1387 3
  800.9786 2352 5
  801.9794 1579 3
//
