ACCESSION: MSBNK-mFam-MC21_000297
RECORD_TITLE: Reserpine; LC-ESI-QTOF; MS2; CE: 32.15;  [M-H]-
DATE: 2023.03.23
AUTHORS: Stefanie Doell IPB
LICENSE: CC BY
PUBLICATION: Döll, S., Farahani-Kofoet, R. D., Zrenner, R., Henze, A. & Witzel, K. (2021) Tissue-specific signatures of metabolites and proteins in asparagus roots and exudates. Horticulture Research.
COMMENT: CONFIDENCE Pure standard
CH$NAME: Reserpine
CH$COMPOUND_CLASS: NA
CH$FORMULA: C33H40N2O9
CH$EXACT_MASS: 608.2734
CH$SMILES: COC1C(CC2CN3CCC4=C(C3CC2C1C(=O)OC)NC5=C4C=CC(=C5)OC)OC(=O)C6=CC(=C(C(=C6)OC)OC)OC
CH$IUPAC: InChI=1S/C33H40N2O9/c1-38-19-7-8-20-21-9-10-35-16-18-13-27(44-32(36)17-11-25(39-2)30(41-4)26(12-17)40-3)31(42-5)28(33(37)43-6)22(18)15-24(35)29(21)34-23(20)14-19/h7-8,11-12,14,18,22,24,27-28,31,34H,9-10,13,15-16H2,1-6H3
CH$LINK: INCHIKEY QEVHRUUCFGRFIF-UHFFFAOYSA-N
AC$INSTRUMENT: Bruker MicrOTOF-Q
AC$INSTRUMENT_TYPE: LC-ESI-QTOF
AC$MASS_SPECTROMETRY: MS_TYPE MS2
AC$MASS_SPECTROMETRY: ION_MODE NEGATIVE
AC$MASS_SPECTROMETRY: IONIZATION ESI
AC$MASS_SPECTROMETRY: COLLISION_ENERGY 32.15
AC$CHROMATOGRAPHY: COLUMN_NAME Acquity CSHC18
AC$CHROMATOGRAPHY: RETENTION_TIME NA
MS$FOCUSED_ION: BASE_PEAK 607.2661
MS$FOCUSED_ION: PRECURSOR_M/Z 607.2661
MS$FOCUSED_ION: PRECURSOR_TYPE [M-H]-
MS$DATA_PROCESSING: RECALIBRATE loess on assigned fragments and MS1
MS$DATA_PROCESSING: REANALYZE Peaks with additional N2/O included
MS$DATA_PROCESSING: WHOLE RMassBank 3.7.1
PK$SPLASH: splash10-03ea-4942010000-4235643fa3f784630824
PK$NUM_PEAK: 167
PK$PEAK: m/z int. rel.int.
  48.0265 35.5 107
  51.1919 20 60
  51.7434 33.5 101
  52.3402 26 78
  52.9965 33 100
  53.4211 40 121
  54.5821 37 112
  55.264 27 81
  56.0932 42.5 128
  56.6343 24 72
  58.4319 36 109
  60.6866 42 127
  61.2662 34 103
  62.1808 28 84
  63.0426 35 106
  65.6866 31 94
  66.9469 36 109
  67.7284 34 103
  70.2909 22 66
  72.8347 28 84
  73.6457 33 100
  76.769 31 94
  79.7896 33 100
  81.028 20 60
  81.5661 33.5 101
  82.2619 31 94
  83.2754 43 130
  86.2981 29 87
  86.8043 31 94
  88.0923 34 103
  88.612 42 127
  91.5263 33 100
  92.4288 24 72
  92.9452 24 72
  96.6713 36.5 110
  98.0713 33 100
  99.7958 37 112
  101.3947 44.5 135
  102.196 25 75
  104.0261 25 75
  106.8199 31 94
  108.6211 32 97
  109.2335 58 175
  110.456 36 109
  114.224 32 97
  114.7895 29 87
  115.901 37 112
  117.5518 21 63
  118.3812 42 127
  120.073 26.5 80
  120.922 25 75
  121.4518 37 112
  122.3897 30 91
  123.0177 45 136
  126.7747 34.7 105
  129.0053 21 63
  129.809 24 72
  131.7202 25 75
  133.5756 31 94
  135.9067 21 63
  136.8074 89.7 272
  138.0492 37 112
  138.8207 44 133
  139.3669 25 75
  139.9094 34 103
  142.1057 31 94
  143.0722 22 66
  143.9915 36 109
  147.2241 32 97
  150.0156 32 97
  150.6208 49 148
  152.049 39 118
  153.0488 38 115
  155.6357 29 87
  156.4939 24 72
  159.2418 27 81
  161.564 39 118
  163.6185 37 112
  164.186 27.5 83
  165.4387 24 72
  167.2305 69 209
  168.2321 24 72
  169.344 30 91
  169.9243 27.5 83
  170.7207 38 115
  174.11 28 84
  179.1496 33 100
  180.0361 34 103
  180.4799 29 87
  180.9919 193 585
  181.5627 31 94
  182.2029 32.5 98
  184.0014 29 87
  184.6357 33 100
  186.7626 24 72
  188.2067 35 106
  189.2318 28 84
  190.6888 22 66
  193.663 29 87
  196.0455 66 200
  196.6987 196 594
  197.8599 71.5 216
  199.0381 31 94
  199.7536 34 103
  201.7112 23 69
  202.7772 23 69
  206.0658 27 81
  210.6422 329.3 999
  212.0901 89 270
  213.0744 67.5 204
  214.0754 36 109
  216.6284 20 60
  226.0993 40 121
  234.0641 29 87
  235.0898 46 139
  235.9813 52 157
  243.3879 42 127
  245.8636 21 63
  246.515 21 63
  250.1002 41 124
  251.1236 50 151
  262.9764 30 91
  265.1422 30 91
  275.0837 39 118
  279.6911 36 109
  289.1336 26 78
  298.1051 30 91
  298.9397 21 63
  303.1559 22 66
  307.0739 28 84
  311.8688 29 87
  315.2802 59 178
  316.1169 29 87
  319.1304 21 63
  320.1422 30 91
  331.1383 31 94
  332.5249 29 87
  347.1169 27 81
  348.1511 80 242
  352.8065 28 84
  356.4228 38 115
  364.2517 33.5 101
  379.2177 36 109
  380.1111 91 276
  395.2012 59 178
  408.9481 24 72
  421.6586 28 84
  481.9311 27 81
  532.0359 30 91
  538.0595 30 91
  541.7808 25 75
  557.7096 23 69
  560.2182 21 63
  577.2117 68 206
  578.2028 20.5 62
  592.2474 129 391
  593.2061 25 75
  618.0538 21 63
  622.236 38 115
  654.6431 21 63
  680.4651 22 66
  774.6488 21 63
  866.0755 22 66
  917.9121 34 103
  923.9519 23 69
  964.9889 33 100
  984.4566 30 91
//
