ACCESSION: MSBNK-mFam-MC02_000718
RECORD_TITLE: Flavone; ESI-TOF; MS2; CE: 0.6458333;  [M+H]+
DATE: 2023.03.06
AUTHORS: C. Broeckling, Colorado State University Proteomics and Metabolomics Facility
LICENSE: CC BY
PUBLICATION: Broeckling CD;Ganna A;Layer M;Brown K;Sutton B;Ingelsson E;Peers G;Prenni JE; (n.d.). Enabling efficient and confident annotation of LC-MS metabolomics data through MS1 Spectrum and time prediction. Analytical chemistry.
COMMENT: CONFIDENCE Pure standard
CH$NAME: Flavone
CH$COMPOUND_CLASS: NA
CH$FORMULA: C15H10O2
CH$EXACT_MASS: 222.06808
CH$SMILES: O=C1C=C(OC2=CC=CC=C12)C1=CC=CC=C1
CH$IUPAC: InChI=1S/C15H10O2/c16-13-10-15(11-6-2-1-3-7-11)17-14-9-5-4-8-12(13)14/h1-10H
CH$LINK: INCHIKEY VHBFFQKBGNRLFZ-UHFFFAOYSA-N
AC$INSTRUMENT: waters xevo g2 TOF
AC$INSTRUMENT_TYPE: ESI-TOF
AC$MASS_SPECTROMETRY: MS_TYPE MS2
AC$MASS_SPECTROMETRY: ION_MODE POSITIVE
AC$MASS_SPECTROMETRY: IONIZATION ESI
AC$MASS_SPECTROMETRY: COLLISION_ENERGY 0.6458333
AC$CHROMATOGRAPHY: COLUMN_NAME Acquity CSHC18
AC$CHROMATOGRAPHY: RETENTION_TIME 3.690 min
MS$FOCUSED_ION: BASE_PEAK 223.07608
MS$FOCUSED_ION: PRECURSOR_M/Z 223.07608
MS$FOCUSED_ION: PRECURSOR_TYPE [M+H]+
MS$DATA_PROCESSING: RECALIBRATE loess on assigned fragments and MS1
MS$DATA_PROCESSING: REANALYZE Peaks with additional N2/O included
MS$DATA_PROCESSING: WHOLE RMassBank 3.7.1
PK$SPLASH: splash10-00vl-1931000000-bce846a3a0680899b135
PK$NUM_PEAK: 159
PK$PEAK: m/z int. rel.int.
  65.04 220143 102
  66.043 13772 6
  69.0341 106224 49
  77.1251 743510.3 347
  78.0432 167306 78
  89.0393 2281 1
  93.0345 1283299 599
  94.038 94819 44
  96.0541 4089 1
  101.0399 20517 9
  102.0059 14175.5 6
  103.142 636300 297
  104.0585 233680 109
  105.0345 492795 230
  106.038 40492 18
  110.9755 2653 1
  115.0549 8548 3
  117.0342 5728 2
  118.0423 18717 8
  120.0218 5222 2
  121.1227 2137674 999
  123.0408 56780 26
  128.062 5960 2
  129.1089 1271325.5 594
  130.2022 139177.5 65
  131.0282 19634 9
  139.0263 2712 1
  141.0706 20109 9
  147.066 47835 22
  148.0478 4272 1
  151.055 109172 51
  152.0628 1004379 469
  153.054 265062 123
  154.0735 29083 13
  155.0859 27478 12
  164.9951 437954.5 204
  166.0773 474760 221
  167.0713 2128682 994
  169.0897 18766 8
  176.0626 199312 93
  177.0823 686990 321
  178.1566 1879550.5 878
  179.0748 721865 337
  180.1313 37013.5 17
  181.0656 161535 75
  182.0686 19361 9
  184.9998 7065 3
  194.0732 160529 75
  195.0812 9515 4
  196.0847 23789 11
  199.0145 36659 17
  199.514 6091 2
  204.0453 4248 1
  205.0653 39118 18
  206.0699 6939 3
  208.0183 5726 2
  221.1997 12626 5
  224.4877 1669015.7 779
  228.1289 5700.5 2
  228.9604 93300.5 43
  230.0879 12047 5
  234.0614 29824 13
  234.561 6614 3
  235.2603 41490.7 19
  236.0618 10829 5
  236.5636 2675 1
  242.3104 763886.3 356
  243.053 155056 72
  243.5537 13357 6
  244.0496 38473 17
  245.2122 149227.7 69
  246.1225 41234 19
  247.0628 5903 2
  249.0754 23954.5 11
  249.5365 64539 30
  250.2509 330726.3 154
  251.0541 469963 219
  251.5514 44223 20
  252.0414 35289.5 16
  252.5368 11800 5
  258.0633 37739 17
  258.5644 14959 6
  259.0418 28580 13
  259.5442 10272 4
  260.0585 10746 5
  261.078 6747 3
  264.1332 3833.5 1
  277.0689 77073.5 36
  278.0025 58933 27
  279.1032 56002.5 26
  280.0043 41728 19
  280.9913 35065 16
  282.105 7086.5 3
  283.0232 4500 2
  287.0473 3055 1
  289.1044 2835 1
  291.0515 10647 4
  292.9923 27987 13
  293.9979 75210 35
  295.005 68763 32
  296.0084 8213 3
  297.0053 8609 4
  298.0076 3680 1
  304.9905 10184 4
  305.9949 3342 1
  307.0284 82915 38
  308.0232 67356 31
  312.9733 2730 1
  317.9973 5813 2
  321.9974 6960 3
  323.0007 54105 25
  324.0558 27437.5 12
  325.0042 13956 6
  341.9948 7050 3
  345.039 96256 44
  345.8926 47072.3 21
  346.889 5193.7 2
  350.0251 6415 2
  353.0845 808257 377
  353.543 11906.5 5
  354.0535 155079 72
  354.5884 29111 13
  355.0564 44407.5 20
  355.5914 35919 16
  356.0926 29306 13
  356.5945 27431 12
  358.5691 3752 1
  359.0681 2514 1
  360.0718 23064 10
  360.923 87017.8 40
  361.5718 69779 32
  362.0717 216609 101
  362.8678 35501.3 16
  363.5703 15165 7
  364.0364 9916.5 4
  364.5716 2830 1
  369.091 7065 3
  371.735 3323.7 1
  376.5795 2190 1
  403.0423 3898 1
  403.5458 3079 1
  405.1413 3238 1
  464.3476 3662.8 1
  497.0756 2297 1
  499.0632 24599 11
  500.0682 6169 2
  501.0621 183655 85
  502.0673 29301 13
  503.0606 88496 41
  504.0637 33859 15
  505.0919 4229 1
  515.0578 10031 4
  516.0642 5338 2
  529.0965 22003 10
  530.0994 3400 1
  546.0869 36674 17
  547.0712 9176 4
  601.0276 2607 1
  615.0438 7105 3
//
