ACCESSION: MSBNK-mFam-MC13_000007
RECORD_TITLE: Taxifolin; LC-ESI-QTOF; MS2; CE: 7-62eV;  [M-H]-
DATE: 2023.02.04
AUTHORS: Luca Nicolotti, Maryam Taraji, Natoiya Lloyd
LICENSE: CC BY
PUBLICATION: NA
COMMENT: CONFIDENCE Pure analytical standard
CH$NAME: Taxifolin
CH$COMPOUND_CLASS: Phenolics
CH$FORMULA: C15H12O7
CH$EXACT_MASS: 304.0583
CH$SMILES: C1=CC(=C(C=C1C2C(C(=O)C3=C(C=C(C=C3O2)O)O)O)O)O
CH$IUPAC: InChI=1S/C15H12O7/c16-7-4-10(19)12-11(5-7)22-15(14(21)13(12)20)6-1-2-8(17)9(18)3-6/h1-5,14-19,21H
CH$LINK: INCHIKEY CXQWRCVTCMQVQX-UHFFFAOYSA-N
AC$INSTRUMENT: Bruker MicrOTOF-Q
AC$INSTRUMENT_TYPE: LC-ESI-QTOF
AC$MASS_SPECTROMETRY: MS_TYPE MS2
AC$MASS_SPECTROMETRY: ION_MODE NEGATIVE
AC$MASS_SPECTROMETRY: IONIZATION ESI
AC$MASS_SPECTROMETRY: COLLISION_ENERGY 7-62eV
AC$CHROMATOGRAPHY: COLUMN_NAME Acquity CSHC18
AC$CHROMATOGRAPHY: RETENTION_TIME 32.800 min
MS$FOCUSED_ION: BASE_PEAK 303.0516
MS$FOCUSED_ION: PRECURSOR_M/Z 303.0516
MS$FOCUSED_ION: PRECURSOR_TYPE [M-H]-
MS$FOCUSED_ION: PRECURSOR_INTENSITY 53718.19
MS$DATA_PROCESSING: RECALIBRATE loess on assigned fragments and MS1
MS$DATA_PROCESSING: REANALYZE Peaks with additional N2/O included
MS$DATA_PROCESSING: WHOLE RMassBank 3.7.1
PK$SPLASH: splash10-0f9i-0491000000-b65db2215a9de5afafe9
PK$NUM_PEAK: 112
PK$PEAK: m/z int. rel.int.
  93.0296 125.5 11
  95.0069 127.5 11
  96.0236 132 11
  105.0365 135 11
  107.0154 135.3 11
  108.025 136.8 12
  109.0327 145.5 12
  110.0152 154 13
  111.0121 155.2 13
  115.0615 161.8 14
  117.0294 163.5 14
  119.052 164 14
  121.0326 165.3 14
  122.043 171 15
  123.0366 173.8 15
  124.0306 174.3 15
  125.0322 175 15
  126.0307 175.5 15
  127.0331 179 15
  129.0355 180.3 15
  130.0426 185.3 16
  131.0499 190 16
  132.0211 191.8 16
  133.0434 192.7 17
  134.0329 196.8 17
  135.0297 200.5 17
  136.0192 210.8 18
  137.0308 219.8 19
  138.035 232.8 20
  139.0337 234.2 20
  141.0282 236.8 20
  143.0541 239 21
  145.0448 239.1 21
  146.0396 239.2 21
  147.0493 242.8 21
  148.0316 248.4 21
  149.0404 255.2 22
  150.037 265.8 23
  151.0254 277.6 24
  152.0208 287.2 25
  153.0235 290.8 25
  154.0255 294.8 26
  155.0387 297 26
  157.0456 300 26
  158.0344 307.6 27
  159.0487 318 28
  160.0421 330.5 29
  161.0467 333.2 29
  163.0207 334.7 29
  164.0468 335.8 29
  165.0394 344.7 30
  166.035 355 31
  167.0418 357.5 31
  169.0191 378 33
  170.0349 397.6 35
  171.0496 407 35
  172.0548 410.8 36
  173.0462 413.4 36
  174.0406 428.8 37
  175.0503 431.2 38
  176.0335 433.3 38
  177.0279 435.2 38
  178.0209 438 38
  179.004 448.7 39
  180.011 480.8 42
  181.0165 487.4 43
  182.0206 516.7 45
  183.0446 520.3 45
  184.05 538.2 47
  185.0625 555.8 49
  187.061 607.5 53
  188.0556 610.6 53
  189.0572 661.9 58
  190.0614 663.2 58
  191.0464 674 59
  193.0549 714 63
  194.052 737.8 65
  196.054 740.4 65
  197.0633 775.1 68
  198.0394 825.7 72
  199.0493 837.6 74
  200.0483 851.3 75
  201.0319 915.7 80
  202.0223 918.8 81
  203.0649 948.1 83
  211.0458 986.1 87
  212.0467 1002.8 88
  213.0685 1010.7 89
  214.0603 1035.7 91
  215.0451 1040.2 91
  216.0461 1081 95
  217.0682 1208.3 106
  218.0552 1225.4 108
  219.035 1256 110
  220.0359 1336.1 118
  229.0502 1359.3 120
  230.0592 1670 147
  231.0705 1675 148
  235.0646 1756.3 155
  240.0453 1806 159
  241.0536 1845.5 163
  242.0443 1859.9 164
  243.0321 1969.5 174
  257.0466 2090.4 184
  259.064 3107.9 274
  260.0654 3253.2 287
  275.0817 3349.8 296
  276.0609 3416.6 301
  285.0589 3420.6 302
  286.0664 3902.4 344
  287.0435 4278.9 378
  303.0626 11304.9 999
//
