ACCESSION: MSBNK-mFam-MC02_000034
RECORD_TITLE: 4-Androsten-11Beta-ol-3, 17-dione; ESI-TOF; MS2; CE: 0.6458333;  [M+H]+
DATE: 2023.03.06
AUTHORS: C. Broeckling, Colorado State University Proteomics and Metabolomics Facility
LICENSE: CC BY
PUBLICATION: Broeckling CD;Ganna A;Layer M;Brown K;Sutton B;Ingelsson E;Peers G;Prenni JE; (n.d.). Enabling efficient and confident annotation of LC-MS metabolomics data through MS1 Spectrum and time prediction. Analytical chemistry.
COMMENT: CONFIDENCE Pure standard
CH$NAME: 4-Androsten-11Beta-ol-3, 17-dione
CH$COMPOUND_CLASS: NA
CH$FORMULA: C19H26O3
CH$EXACT_MASS: 302.18819
CH$SMILES: O=C4\C=C3/[C@@](C)([C@H]2[C@@H](O)C[C@@]1(C(=O)CC[C@H]1[C@@H]2CC3)C)CC4
CH$IUPAC: InChI=1S/C19H26O3/c1-18-8-7-12(20)9-11(18)3-4-13-14-5-6-16(22)19(14,2)10-15(21)17(13)18/h9,13-15,17,21H,3-8,10H2,1-2H3/t13-,14-,15-,17+,18-,19-/m0/s1
CH$LINK: INCHIKEY WSCUHXPGYUMQEX-KCZNZURUSA-N
AC$INSTRUMENT: waters xevo g2 TOF
AC$INSTRUMENT_TYPE: ESI-TOF
AC$MASS_SPECTROMETRY: MS_TYPE MS2
AC$MASS_SPECTROMETRY: ION_MODE POSITIVE
AC$MASS_SPECTROMETRY: IONIZATION ESI
AC$MASS_SPECTROMETRY: COLLISION_ENERGY 0.6458333
AC$CHROMATOGRAPHY: COLUMN_NAME Acquity CSHC18
AC$CHROMATOGRAPHY: RETENTION_TIME 3.079 min
MS$FOCUSED_ION: BASE_PEAK 303.19619
MS$FOCUSED_ION: PRECURSOR_M/Z 303.19619
MS$FOCUSED_ION: PRECURSOR_TYPE [M+H]+
MS$DATA_PROCESSING: RECALIBRATE loess on assigned fragments and MS1
MS$DATA_PROCESSING: REANALYZE Peaks with additional N2/O included
MS$DATA_PROCESSING: WHOLE RMassBank 3.7.1
PK$SPLASH: splash10-0ukj-1952000000-b3bcf54c28415ef56e5d
PK$NUM_PEAK: 139
PK$PEAK: m/z int. rel.int.
  67.0555 928 5
  69.0351 1208 7
  79.0548 3259 20
  81.0703 6379 40
  83.0493 7753 48
  85.0653 1209 7
  91.0545 5748 36
  93.0701 12679 79
  95.0859 8751 55
  97.0649 34933 220
  98.069 2422 15
  99.0446 2747 17
  105.07 23481 147
  106.0731 2225 14
  107.086 17299 108
  108.0883 1336 8
  109.0639 16759 105
  110.0691 1211 7
  111.081 2267 14
  117.0703 8467 53
  119.0854 17853 112
  120.0894 1629 10
  121.0647 65677 413
  122.0681 5814 36
  123.0808 58135 366
  124.0842 5016 31
  128.0628 1855 11
  129.0698 6346 39
  130.0754 1746 11
  131.0859 16418 103
  132.0913 1621 10
  133.1012 19422 122
  134.1046 2473 15
  135.0806 15588 98
  136.0844 1882 11
  137.0966 4868 30
  141.0708 3651 23
  142.0775 1840 11
  143.0853 24978 157
  144.0896 3812 24
  145.1013 63004 396
  146.1054 7759 48
  147.0812 13359 84
  148.122 1495 9
  149.0965 10696 67
  150.1006 1401 8
  151.1121 11301 71
  152.1156 1419 8
  156.0919 1871 11
  157.1015 15796 99
  158.1058 2635 16
  159.1167 17241 108
  160.1195 2101 13
  161.0965 13168 82
  162.1022 2002 12
  163.1116 31113 196
  164.1152 3739 23
  165.0693 1424 8
  167.0861 3156 19
  168.0936 1672 10
  169.1012 12117 76
  170.1045 2695 16
  171.1166 17519 110
  172.1218 2600 16
  173.0963 11782 74
  174.0997 2289 14
  175.1117 24574 154
  176.1171 4304 27
  177.1259 4257 26
  179.0854 2459 15
  180.0922 768 4
  181.1007 7152 45
  182.1069 2148 13
  183.1172 17313 109
  184.1215 2915 18
  185.1323 19144 120
  186.1365 2895 18
  187.1147 6599 41
  188.1129 1041 6
  189.1275 17665 111
  190.1312 2458 15
  191.1056 1002 6
  192.0923 843 5
  194.1081 2611 16
  195.1169 11961 75
  196.1236 2669 16
  197.0969 22058 138
  198.1016 3770 23
  199.1479 6645 41
  200.1157 935 5
  201.1271 7940 50
  202.1335 1461 9
  203.143 4919 30
  205.097 873 5
  207.1172 9922 62
  208.1219 2610 16
  209.1315 21877 137
  210.1366 3915 24
  211.1122 7530 47
  212.1083 2296 14
  213.1367 5265 33
  215.1436 4018 25
  217.1572 918 5
  219.1187 818 5
  220.1241 1790 11
  221.1328 3885 24
  223.1475 8837 55
  224.1541 2026 12
  225.1406 8093 50
  226.1664 2856 17
  227.1432 22174 139
  228.1467 3930 24
  229.1556 1245 7
  234.1429 1780 11
  238.1328 880 5
  239.1433 30984 195
  240.1469 6167 38
  241.1588 11980 75
  242.1613 2896 18
  243.1742 14342 90
  244.1795 2465 15
  245.1527 1292 8
  249.1642 18114 114
  250.1684 3651 23
  252.1515 13276 83
  253.1541 1884 11
  257.1523 5495 34
  258.1586 2013 12
  259.1692 3035 19
  267.1744 86337 543
  268.1773 18163 114
  269.1816 2310 14
  270.1647 1003 6
  285.1856 76662 483
  286.1888 16382 103
  287.1918 2029 12
  291.0683 696 4
  303.196 158561 999
  304.1997 34866 219
//
