ACCESSION: MSBNK-mFam-MC02_000698
RECORD_TITLE: Homovanillic acid; ESI-TOF; MS2; CE: 0.6458333;  [M+H]+
DATE: 2023.03.06
AUTHORS: C. Broeckling, Colorado State University Proteomics and Metabolomics Facility
LICENSE: CC BY
PUBLICATION: Broeckling CD;Ganna A;Layer M;Brown K;Sutton B;Ingelsson E;Peers G;Prenni JE; (n.d.). Enabling efficient and confident annotation of LC-MS metabolomics data through MS1 Spectrum and time prediction. Analytical chemistry.
COMMENT: CONFIDENCE Pure standard
CH$NAME: Homovanillic acid
CH$COMPOUND_CLASS: NA
CH$FORMULA: C9H10O4
CH$EXACT_MASS: 182.05791
CH$SMILES: COC1=CC(CC(O)=O)=CC=C1O
CH$IUPAC: InChI=1S/C9H10O4/c1-13-8-4-6(5-9(11)12)2-3-7(8)10/h2-4,10H,5H2,1H3,(H,11,12)
CH$LINK: INCHIKEY QRMZSPFSDQBLIX-UHFFFAOYSA-N
AC$INSTRUMENT: waters xevo g2 TOF
AC$INSTRUMENT_TYPE: ESI-TOF
AC$MASS_SPECTROMETRY: MS_TYPE MS2
AC$MASS_SPECTROMETRY: ION_MODE POSITIVE
AC$MASS_SPECTROMETRY: IONIZATION ESI
AC$MASS_SPECTROMETRY: COLLISION_ENERGY 0.6458333
AC$CHROMATOGRAPHY: COLUMN_NAME Acquity CSHC18
AC$CHROMATOGRAPHY: RETENTION_TIME 2.054 min
MS$FOCUSED_ION: BASE_PEAK 183.06591
MS$FOCUSED_ION: PRECURSOR_M/Z 183.06591
MS$FOCUSED_ION: PRECURSOR_TYPE [M+H]+
MS$DATA_PROCESSING: RECALIBRATE loess on assigned fragments and MS1
MS$DATA_PROCESSING: REANALYZE Peaks with additional N2/O included
MS$DATA_PROCESSING: WHOLE RMassBank 3.7.1
PK$SPLASH: splash10-00di-2595200000-002eae87bc405597e1b6
PK$NUM_PEAK: 291
PK$PEAK: m/z int. rel.int.
  59.05 853 1
  65.0399 5978 8
  66.0478 19866 27
  67.0553 2953 4
  73.0293 3264 4
  77.0395 21909 29
  79.0551 21953 29
  81.0713 7097 9
  85.0654 4937 6
  91.0552 22498 30
  93.0337 7855 10
  94.0421 301008 410
  95.0465 23491 31
  97.0183 4780.3 6
  97.9695 10944 14
  99.994 3834 5
  106.0184 10551 14
  107.05 44254 60
  107.5117 2684 3
  108.0531 3133 4
  109.0473 4617 6
  114.0142 3278 4
  115.024 16236 22
  122.0373 367231 500
  123.0411 41674 56
  125.0245 2879.5 3
  126.0261 5678 7
  127.9803 916 1
  135.0449 8533 11
  137.108 232063.2 316
  138.0641 43991.5 59
  139.066 6684 9
  142.5219 4093 5
  143.0545 2680 3
  145.0184 2557 3
  146.0425 1632 2
  147.0119 15730.5 21
  149.0241 9110 12
  150.0313 3847 5
  151.0765 3614 4
  151.7266 2038 2
  153.0558 30207 41
  155.0562 10023.5 13
  155.5286 1885 2
  156.0821 781 1
  156.9934 2646 3
  160.9913 29673 40
  161.9863 12496 17
  163.0228 6630 9
  165.0427 2079 2
  166.0582 13168 17
  167.0522 2276.5 3
  168.0656 23114 31
  172.0889 1847 2
  173.0295 3427 4
  177.0033 61526.3 83
  177.9991 17190 23
  181.0198 1356.7 1
  182.0128 1937 2
  183.057 8714.5 11
  184.0868 5851 7
  185.0953 2143 2
  186.0324 1472.5 2
  187.075 13448 18
  187.5347 1273 1
  191.9878 4876 6
  192.995 95353 129
  194.9944 24044 32
  196.0519 22056 30
  197.0217 14838 20
  198.0675 8834 12
  199.0751 8189 11
  200.0684 12830 17
  201.0602 1515.5 2
  202.041 7058 9
  204.04 1083.5 1
  207.0445 4642 6
  208.0496 1422 1
  208.9903 32718 44
  210.058 6425.7 8
  211.0518 40736.5 55
  212.0802 15001 20
  213.055 20603 28
  214.0607 8095 11
  215.0462 2032 2
  219.0346 2349 3
  221.0129 62382 84
  222.0072 2050 2
  223.077 5225 7
  224.0832 7960.5 10
  225.0343 5734.5 7
  226.0477 13073.5 17
  227.07 31818 43
  228.0776 24876 33
  229.083 8666 11
  231.0621 768 1
  234.0363 1960 2
  235.0538 7587.5 10
  236.0274 1411 1
  236.9854 13211.5 17
  237.9941 19378.5 26
  239.0704 75265 102
  240.0511 10587.5 14
  241.0773 9797.7 13
  241.9885 7472 10
  243.1016 18774 25
  244.0636 1819 2
  245.0819 3001 4
  249.9927 28198 38
  250.998 2399 3
  252.1015 15170.5 20
  253.0617 12636.5 17
  254.0909 10600 14
  255.03 34457 46
  256.073 42509 57
  257.0996 23769 32
  258.058 3353.5 4
  259.0987 6385 8
  263.0336 3965 5
  267.0314 86881 118
  268.0685 53647 73
  269.0634 40257 54
  270.0878 14880 20
  271.0968 733396 999
  272.1001 141119 192
  274.0613 2806 3
  280.0388 3217 4
  281.0455 19189 26
  283.0224 3150 4
  284.0681 19406 26
  285.0694 28566 38
  286.0332 1157 1
  287.0915 13740 18
  294.0823 2064 2
  295.0608 72746 99
  296.0618 14009 19
  297.1218 14310 19
  297.9946 20210 27
  299.045 38920.2 53
  300.0514 28838.5 39
  301.0712 25173 34
  303.0691 7629.5 10
  304.1425 907.7 1
  310.029 5060 6
  311.0744 22554 30
  312.0618 4679 6
  313.0384 33867 46
  314.0213 33091 45
  315.0517 50744.3 69
  316.064 17921.5 24
  317.1021 92328 125
  318.084 12042 16
  319.1084 2903 3
  320.0366 2873 3
  325.07 3246 4
  326.0508 23186.5 31
  327.0647 24335 33
  328.065 44486.5 60
  329.0725 18521.5 25
  330.0554 41443 56
  331.0668 9968 13
  336.0736 3025 4
  339.0838 76502 104
  340.0889 28802 39
  341.0534 27514 37
  342.1029 2134 2
  344.0357 24493 33
  350.0087 8705 11
  351.0207 1470 2
  357.0791 12459 16
  358.0149 20487 27
  359.05 44941 61
  359.5807 3649 4
  360.0535 14321 19
  361.0611 2608 3
  362.0995 13706 18
  367.9963 2797 3
  369.094 4256 5
  371.0815 27474.7 37
  372.0718 16304.5 22
  373.0452 14410.7 19
  374.0474 73269 99
  375.0475 20300 27
  382.0819 16772 22
  382.5835 6951 9
  383.0746 15039 20
  384.0808 14170 19
  385.0895 192475 262
  386.0496 22357.5 30
  387.0922 18484.5 25
  388.0232 9778.7 13
  389.0842 40821.5 55
  390.084 14426 19
  391.1099 4916 6
  393.0881 1038 1
  399.0493 4411 6
  401.0879 26256 35
  402.06 10785 14
  403.0508 58342 79
  404.0363 14675 19
  405.0749 3704.5 5
  407.1865 1108 1
  408.0848 1419 1
  414.0403 14879 20
  415.1314 10838.3 14
  416.0683 15590 21
  417.0301 27183 37
  418.0345 127507 173
  419.0747 52642 71
  420.0408 20507 27
  421.0919 5541 7
  422.0405 1337.5 1
  426.092 2289 3
  433.1282 10982 14
  434.108 1675 2
  436.108 1856 2
  437.1119 12665.5 17
  438.12 2729.5 3
  449.1009 10406 14
  449.6022 3070 4
  451.13 8646 11
  452.114 6455 8
  453.0838 23340 31
  454.0875 4906 6
  455.0837 4593 6
  457.0783 1360 1
  459.0744 817 1
  461.1226 5855 7
  462.1251 9481 12
  464.0955 6918 9
  467.1269 1669 2
  472.1021 7617 10
  479.1129 6794 9
  489.1176 2389 3
  493.1159 952 1
  497.175 3562 4
  507.1274 8370 11
  508.0829 3072 4
  519.1248 23740 32
  520.1269 6274 8
  521.1401 9023 12
  523.1201 14430 19
  524.1217 5277 7
  525.1365 4248 5
  535.0921 5899 8
  540.1266 1620 2
  541.1286 1664 2
  549.1395 1444 1
  551.1502 15218 20
  552.115 1486 2
  554.0861 2953 4
  562.1257 1242 1
  563.1232 7763 10
  563.6334 1354 1
  565.1309 46799 63
  566.1338 14322 19
  568.1309 1863 2
  569.1264 5952 8
  581.0963 9406 12
  582.1004 2547 3
  595.1128 2409 3
  597.0782 4913 6
  598.0765 7178 9
  599.0816 3104 4
  602.126 3555 4
  613.1611 1208 1
  639.047 824 1
  688.1316 1366 1
  690.1341 1937 2
  703.1512 3732 5
  732.1591 1004.5 1
  734.1234 2445 3
  735.1394 1228 1
  747.1827 3909 5
  748.1927 2212 3
  763.1535 16856 22
  764.1542 6649 9
  765.1484 2272 3
  774.1212 3172 4
  775.1187 2011 2
  778.1635 4108.5 5
  779.1679 5311 7
  780.1309 4300 5
  785.0538 1455 1
  836.0719 2121 2
  943.1885 3724 5
  944.1989 1939 2
  959.1608 1544 2
  1013.1063 1551 2
  1017.1107 2043 2
  1194.1455 2032 2
//
