ACCESSION: MSBNK-mFam-MC02_000386
RECORD_TITLE: Prostaglandin F2-alpha dimethyl amide; ESI-TOF; MS2; CE: 0.6458333;  [M+H]+
DATE: 2023.03.06
AUTHORS: C. Broeckling, Colorado State University Proteomics and Metabolomics Facility
LICENSE: CC BY
PUBLICATION: Broeckling CD;Ganna A;Layer M;Brown K;Sutton B;Ingelsson E;Peers G;Prenni JE; (n.d.). Enabling efficient and confident annotation of LC-MS metabolomics data through MS1 Spectrum and time prediction. Analytical chemistry.
COMMENT: CONFIDENCE Pure standard
CH$NAME: Prostaglandin F2-alpha dimethyl amide
CH$COMPOUND_CLASS: NA
CH$FORMULA: C22H39NO4
CH$EXACT_MASS: 381.28791
CH$SMILES: O[C@@H]1[C@H](C/C=C\CCCC(N(C)C)=O)[C@@H](/C=C/[C@@H](O)CCCCC)[C@H](O)C1
CH$IUPAC: InChI=1S/C22H39NO4/c1-4-5-8-11-17(24)14-15-19-18(20(25)16-21(19)26)12-9-6-7-10-13-22(27)23(2)3/h6,9,14-15,17-21,24-26H,4-5,7-8,10-13,16H2,1-3H3/b9-6-,15-14+/t17-,18+,19+,20-,21+/m0/s1
CH$LINK: INCHIKEY QGAWKBHDDFBNMX-GWSKAPOCSA-N
AC$INSTRUMENT: waters xevo g2 TOF
AC$INSTRUMENT_TYPE: ESI-TOF
AC$MASS_SPECTROMETRY: MS_TYPE MS2
AC$MASS_SPECTROMETRY: ION_MODE POSITIVE
AC$MASS_SPECTROMETRY: IONIZATION ESI
AC$MASS_SPECTROMETRY: COLLISION_ENERGY 0.6458333
AC$CHROMATOGRAPHY: COLUMN_NAME Acquity CSHC18
AC$CHROMATOGRAPHY: RETENTION_TIME 3.642 min
MS$FOCUSED_ION: BASE_PEAK 382.29591
MS$FOCUSED_ION: PRECURSOR_M/Z 382.29591
MS$FOCUSED_ION: PRECURSOR_TYPE [M+H]+
MS$DATA_PROCESSING: RECALIBRATE loess on assigned fragments and MS1
MS$DATA_PROCESSING: REANALYZE Peaks with additional N2/O included
MS$DATA_PROCESSING: WHOLE RMassBank 3.7.1
PK$SPLASH: splash10-055f-1953000000-017903a106003e8e5d6a
PK$NUM_PEAK: 132
PK$PEAK: m/z int. rel.int.
  67.0545 6177 57
  69.069 2545 23
  72.0445 40970 378
  79.0541 7341 67
  81.0702 12699 117
  82.0743 609 5
  85.0649 1089 10
  88.0751 1234 11
  91.0546 12563 116
  93.0702 8645 79
  95.0683 9129 84
  100.0765 5034 46
  106.0739 925 8
  107.0866 13125 121
  109.1016 6265 57
  114.0924 51750 478
  117.0708 24390 225
  118.0738 2032 18
  119.087 16666 154
  121.1025 9080 83
  123.1164 1782 16
  128.1074 38299 354
  129.0707 20439 188
  131.0866 41003 379
  132.0894 5261 48
  133.1016 13257 122
  135.1182 4761 44
  140.1066 4717 43
  141.0719 3247 30
  142.1236 4545 42
  143.0865 22354 206
  145.1023 32646 301
  146.1068 2721 25
  147.1176 9313 86
  149.0961 4600 42
  154.1239 8132 75
  155.0861 8037 74
  156.1012 8904 82
  157.1031 34662 320
  158.1176 25813 238
  159.1176 16263 150
  160.12 1440 13
  161.1324 7164 66
  163.1464 5566 51
  167.0723 4694 43
  169.0606 7248 67
  170.1113 2341 21
  171.1176 29963 277
  172.1221 3465 32
  173.1338 12510 115
  174.1379 1619 14
  175.1491 8958 82
  180.1237 1839 17
  181.1024 9212 85
  183.0754 3801.5 35
  184.0276 1158 10
  185.1328 20013 185
  186.0998 1503 13
  187.1478 12717 117
  188.1509 1364 12
  189.1625 2200 20
  194.1544 2135 19
  195.0772 2847.5 26
  199.1474 18376 169
  200.1521 2782 25
  201.1656 6037 55
  201.618 233 2
  203.1416 2972 27
  205.1966 4094 37
  206.1551 2577 23
  209.1335 7136 65
  210.1206 978.5 9
  212.0586 1393 12
  213.1276 5122 47
  215.1802 26670 246
  216.182 2813 26
  217.1597 3503 32
  219.2112 616 5
  223.1389 2591 23
  229.1953 7008 64
  231.2101 1359 12
  232.1687 2852 26
  234.1859 2223 20
  239.1797 10434 96
  240.182 1443 13
  241.1953 108050 999
  242.1994 19611 181
  243.2057 1663 15
  244.1709 1481 13
  246.1851 2116 19
  248.2018 6084 56
  252.0676 2635 24
  255.2111 14457 133
  257.1903 12638 116
  262.2241 906 8
  265.1949 8910 82
  283.2059 62082 573
  284.2087 9794 90
  285.2164 1374 12
  290.2474 2460 22
  292.264 18587 171
  294.2663 410 3
  301.2149 5145 47
  302.248 10808 99
  304.2571 348 3
  318.2781 805 7
  320.2592 8817 81
  321.26 1263 11
  328.2636 59172 547
  329.2665 12198 112
  330.2714 1156 10
  343.1584 717 6
  345.1752 10051 92
  346.2252 9674.5 89
  347.2783 4820 44
  352.2416 3214 29
  356.1911 32535 300
  357.1932 3569 32
  358.2052 26377 243
  359.2055 2496 23
  361.2414 5051 46
  361.7466 2614 24
  363.1958 882 8
  364.2846 14355 132
  365.2896 2748 25
  372.1648 7702 71
  373.1706 2740 25
  374.2122 7660 70
  375.182 3565 32
  383.2539 5478 50
  383.761 2945 27
  384.2156 1449 13
//
