ACCESSION: MSBNK-mFam-MC02_000784
RECORD_TITLE: Phenylacetylglycine; ESI-TOF; MS2; CE: 0.6458333;  [M+H]+
DATE: 2023.03.06
AUTHORS: C. Broeckling, Colorado State University Proteomics and Metabolomics Facility
LICENSE: CC BY
PUBLICATION: Broeckling CD;Ganna A;Layer M;Brown K;Sutton B;Ingelsson E;Peers G;Prenni JE; (n.d.). Enabling efficient and confident annotation of LC-MS metabolomics data through MS1 Spectrum and time prediction. Analytical chemistry.
COMMENT: CONFIDENCE Pure standard
CH$NAME: Phenylacetylglycine
CH$COMPOUND_CLASS: NA
CH$FORMULA: C10H11NO3
CH$EXACT_MASS: 193.07389
CH$SMILES: OC(=O)CNC(=O)CC1=CC=CC=C1
CH$IUPAC: InChI=1S/C10H11NO3/c12-9(11-7-10(13)14)6-8-4-2-1-3-5-8/h1-5H,6-7H2,(H,11,12)(H,13,14)
CH$LINK: INCHIKEY UTYVDVLMYQPLQB-UHFFFAOYSA-N
AC$INSTRUMENT: waters xevo g2 TOF
AC$INSTRUMENT_TYPE: ESI-TOF
AC$MASS_SPECTROMETRY: MS_TYPE MS2
AC$MASS_SPECTROMETRY: ION_MODE POSITIVE
AC$MASS_SPECTROMETRY: IONIZATION ESI
AC$MASS_SPECTROMETRY: COLLISION_ENERGY 0.6458333
AC$CHROMATOGRAPHY: COLUMN_NAME Acquity CSHC18
AC$CHROMATOGRAPHY: RETENTION_TIME 2.111 min
MS$FOCUSED_ION: BASE_PEAK 194.08189
MS$FOCUSED_ION: PRECURSOR_M/Z 194.08189
MS$FOCUSED_ION: PRECURSOR_TYPE [M+H]+
MS$DATA_PROCESSING: RECALIBRATE loess on assigned fragments and MS1
MS$DATA_PROCESSING: REANALYZE Peaks with additional N2/O included
MS$DATA_PROCESSING: WHOLE RMassBank 3.7.1
PK$SPLASH: splash10-0006-9275300000-51d91d7f5d596b9c7e83
PK$NUM_PEAK: 143
PK$PEAK: m/z int. rel.int.
  76.0403 92095 114
  82.0483 9566 11
  91.055 800713 999
  95.9733 996 1
  96.9844 16609 20
  113.0603 28585 35
  113.9644 5037 6
  132.0814 15954 19
  137.0326 7340 9
  146.0387 945 1
  148.0476 15113.5 18
  151.0038 2313.5 2
  157.0759 993 1
  161.0279 4338 5
  163.9929 6987 8
  164.9836 1417 1
  175.0094 5544 6
  176.0469 1687 2
  178.0171 32074 40
  180.012 5560 6
  189.0412 12646 15
  191.0033 92718 115
  192.0081 17262 21
  200.0895 6426 8
  203.0037 82496 102
  204.0103 41384 51
  205.0188 84625 105
  206.0362 18470 23
  209.0146 4918 6
  212.0167 1788 2
  214.019 4675 5
  215.0041 876 1
  215.9377 9434.5 11
  219.0333 6014 7
  220.0302 3699.5 4
  221.0141 26192 32
  224.0229 846 1
  231.0565 1285.5 1
  232.0291 239849 299
  233.0334 41156 51
  235.0407 4684 5
  236.0251 3723 4
  238.0455 15685 19
  245.0362 7289 9
  249.0099 34866 43
  250.0039 31555 39
  251.0076 6961 8
  251.9987 10912 13
  253.0001 2346 2
  254.006 1187 1
  259.1142 1914.5 2
  267.0718 2416 3
  270.991 6478 8
  273.0482 19996 24
  274.0892 1009 1
  277.0272 3637 4
  279.0321 3289 4
  281.0482 13549 16
  282.0491 1502 1
  283.0413 2086 2
  296.072 10451 13
  298.0872 9529 11
  300.0591 2058 2
  303.055 2008 2
  307.0603 14534 18
  309.0349 5401.5 6
  314.0542 2428 3
  321.1455 17119 21
  322.1455 5134 6
  323.0808 22338.5 27
  324.1374 9422 11
  330.0857 5218 6
  336.0637 5483 6
  337.0944 26360 32
  338.0711 99976 124
  339.0727 22548 28
  340.0768 2912 3
  348.0922 10422 13
  349.0948 3704 4
  351.0851 16351 20
  352.0882 43990 54
  353.0944 98977 123
  354.0979 24038 29
  355.0831 14938 18
  356.0902 4880 6
  367.1243 20626 25
  368.0812 45099 56
  369.0851 10534 13
  381.1109 6509 8
  382.1131 1655 2
  395.0724 2891 3
  396.0778 3687 4
  399.0848 11701 14
  400.0866 2518 3
  401.034 2139.5 2
  409.1251 6314 7
  411.1133 32600 40
  412.1171 4606 5
  418.059 10415 12
  419.0818 2799.5 3
  420.1111 7475 9
  422.11 2566 3
  425.1018 151393 188
  426.1052 37110 46
  427.1054 3740 4
  429.0975 2364 2
  438.1542 1652.5 2
  440.0669 43648 54
  441.0714 15557 19
  443.0743 3119 3
  447.0839 2690 3
  448.0999 4117 5
  460.0469 4227 5
  463.0551 12665 15
  479.022 5529 6
  480.087 1685 2
  485.0365 13110 16
  491.0041 897 1
  493.9959 815 1
  495.0572 1904 2
  496.2112 3063.3 3
  499.9986 2519 3
  592.0418 843.5 1
  627.1325 3872.5 4
  648.1525 4096 5
  655.1211 9160 11
  656.123 8741 10
  657.1276 2995 3
  658.1155 2061 2
  671.0935 4096 5
  672.0927 7626 9
  673.1001 3827 4
  675.1002 2129 2
  677.1039 16576 20
  679.1017 1396 1
  688.0681 15375 19
  689.0809 4132 5
  690.0748 2777 3
  870.1757 8553 10
  871.1794 5638 7
  880.1283 1770 2
  887.1455 891 1
  893.1587 1876 2
//
