ACCESSION: MSBNK-mFam-MC02_000940
RECORD_TITLE: N-Acetyl-L-phenylalanine; ESI-TOF; MS2; CE: 0.6458333;  [M+H]+
DATE: 2023.03.06
AUTHORS: C. Broeckling, Colorado State University Proteomics and Metabolomics Facility
LICENSE: CC BY
PUBLICATION: Broeckling CD;Ganna A;Layer M;Brown K;Sutton B;Ingelsson E;Peers G;Prenni JE; (n.d.). Enabling efficient and confident annotation of LC-MS metabolomics data through MS1 Spectrum and time prediction. Analytical chemistry.
COMMENT: CONFIDENCE Pure standard
CH$NAME: N-Acetyl-L-phenylalanine
CH$COMPOUND_CLASS: NA
CH$FORMULA: C11H13NO3
CH$EXACT_MASS: 207.08954
CH$SMILES: CC(=O)NC(CC1=CC=CC=C1)C(O)=O
CH$IUPAC: InChI=1S/C11H13NO3/c1-8(13)12-10(11(14)15)7-9-5-3-2-4-6-9/h2-6,10H,7H2,1H3,(H,12,13)(H,14,15)
CH$LINK: INCHIKEY CBQJSKKFNMDLON-UHFFFAOYSA-N
AC$INSTRUMENT: waters xevo g2 TOF
AC$INSTRUMENT_TYPE: ESI-TOF
AC$MASS_SPECTROMETRY: MS_TYPE MS2
AC$MASS_SPECTROMETRY: ION_MODE POSITIVE
AC$MASS_SPECTROMETRY: IONIZATION ESI
AC$MASS_SPECTROMETRY: COLLISION_ENERGY 0.6458333
AC$CHROMATOGRAPHY: COLUMN_NAME Acquity CSHC18
AC$CHROMATOGRAPHY: RETENTION_TIME 2.275 min
MS$FOCUSED_ION: BASE_PEAK 208.09754
MS$FOCUSED_ION: PRECURSOR_M/Z 208.09754
MS$FOCUSED_ION: PRECURSOR_TYPE [M+H]+
MS$DATA_PROCESSING: RECALIBRATE loess on assigned fragments and MS1
MS$DATA_PROCESSING: REANALYZE Peaks with additional N2/O included
MS$DATA_PROCESSING: WHOLE RMassBank 3.7.1
PK$SPLASH: splash10-0uk9-1930100000-fb13045361cdba26d0ee
PK$NUM_PEAK: 138
PK$PEAK: m/z int. rel.int.
  73.029 2633 4
  77.0393 53531 97
  79.0549 31173 56
  85.065 3612 6
  91.0548 56605 102
  93.0703 121670 220
  94.0734 9319 16
  101.0603 55636 101
  102.0467 5232 9
  103.0546 550201 999
  104.0581 55013 99
  107.0593 40634 73
  112.0481 15963 28
  118.0659 13440 24
  119.0734 4326 7
  120.1266 372565.5 676
  121.0844 70505 128
  122.0876 10681 19
  126.089 2245 4
  128.0794 2104 3
  129.0188 2329 4
  131.0498 44906 81
  132.0532 4241 7
  141.999 2646 4
  143.0402 2073 3
  145.019 1591 2
  148.0759 1814 3
  149.0601 15279 27
  150.0632 1042 1
  155.9873 1817 3
  160.0198 2998 5
  160.9903 2940 5
  162.0524 24028 43
  163.0947 6051 10
  166.0866 17513 31
  167.0471 6068.5 11
  170.0034 1396 2
  172.0274 5152.5 9
  174.0847 6305 11
  175.0503 3135.5 5
  177.0086 8364 15
  179.004 1583 2
  189.0237 8522 15
  190.0591 7139.5 12
  192.062 5592 10
  194.0272 4143 7
  199.0968 5015 9
  202.033 26104 47
  208.0974 6825 12
  211.0658 917 1
  215.0128 4417 8
  217.0194 31102 56
  218.0681 6763 12
  219.033 10603 19
  220.0285 47973 87
  221.031 3836 6
  222.0227 14527 26
  227.054 1648.5 2
  230.0793 97881 177
  231.0824 12183 22
  233.0376 3666 6
  235.083 5698.5 10
  240.0101 677 1
  244.0405 4107 7
  245.0601 1588 2
  246.0473 32161 58
  247.1071 1079 1
  252.0604 7597 13
  254.0331 2947 5
  263.0247 85671 155
  264.0258 15167 27
  265.0244 3180 5
  273.0404 7266 13
  276.0571 15945 28
  277.0615 4642 8
  278.0649 2648 4
  285.0823 710 1
  288.0295 2257 4
  291.0922 6505 11
  318.0385 2719 4
  319.0311 1278 2
  337.0988 1952 3
  349.1786 955 1
  365.1172 13095 23
  378.1018 16138 29
  379.1066 6119 11
  381.1243 5052 9
  383.0991 1252 2
  393.1401 2273 4
  409.1429 3406 6
  411.1249 8312 15
  412.1279 1244 2
  424.1089 1892 3
  425.1123 1683 3
  427.0963 3405 6
  438.1679 1882 3
  439.1436 14422.5 26
  440.1491 6284 11
  446.0927 3525 6
  451.0939 1582 2
  453.2355 61469.5 111
  454.1362 31215 56
  455.163 3360 6
  457.127 2266 4
  462.1438 2168.5 3
  464.0979 637 1
  468.0991 30226 54
  469.1039 17883 32
  470.108 3736 6
  471.1068 5414 9
  473.101 2483 4
  480.0943 2348 4
  481.1888 748 1
  488.0824 3802 6
  488.5801 1359 2
  491.0883 5229 9
  508.0589 3509 6
  523.0236 1269 2
  526.0371 1956 3
  553.0608 971 1
  644.2558 3037 5
  645.261 769 1
  668.2159 1085 1
  670.1494 783 1
  675.172 759.5 1
  685.1148 1975 3
  697.1675 4043 7
  699.172 1086 1
  715.1437 2572 4
  717.1549 1651 2
  719.152 7583 13
  730.116 7192 13
  731.1176 2728 4
  732.1143 1451 2
  734.1193 765 1
  926.2402 5486 9
  927.242 2976.5 5
  943.2066 792 1
//
