ACCESSION: MSBNK-mFam-MC02_000676
RECORD_TITLE: L-Arabitol; ESI-TOF; MS2; CE: 0.6458333;  [M+H]+
DATE: 2023.03.06
AUTHORS: C. Broeckling, Colorado State University Proteomics and Metabolomics Facility
LICENSE: CC BY
PUBLICATION: Broeckling CD;Ganna A;Layer M;Brown K;Sutton B;Ingelsson E;Peers G;Prenni JE; (n.d.). Enabling efficient and confident annotation of LC-MS metabolomics data through MS1 Spectrum and time prediction. Analytical chemistry.
COMMENT: CONFIDENCE Pure standard
CH$NAME: L-Arabitol
CH$COMPOUND_CLASS: NA
CH$FORMULA: C5H12O5
CH$EXACT_MASS: 152.06847
CH$SMILES: OCC(O)C(O)C(O)CO
CH$IUPAC: InChI=1S/C5H12O5/c6-1-3(8)5(10)4(9)2-7/h3-10H,1-2H2
CH$LINK: INCHIKEY HEBKCHPVOIAQTA-UHFFFAOYSA-N
AC$INSTRUMENT: waters xevo g2 TOF
AC$INSTRUMENT_TYPE: ESI-TOF
AC$MASS_SPECTROMETRY: MS_TYPE MS2
AC$MASS_SPECTROMETRY: ION_MODE POSITIVE
AC$MASS_SPECTROMETRY: IONIZATION ESI
AC$MASS_SPECTROMETRY: COLLISION_ENERGY 0.6458333
AC$CHROMATOGRAPHY: COLUMN_NAME Acquity CSHC18
AC$CHROMATOGRAPHY: RETENTION_TIME 0.564 min
MS$FOCUSED_ION: BASE_PEAK 153.07647
MS$FOCUSED_ION: PRECURSOR_M/Z 153.07647
MS$FOCUSED_ION: PRECURSOR_TYPE [M+H]+
MS$DATA_PROCESSING: RECALIBRATE loess on assigned fragments and MS1
MS$DATA_PROCESSING: REANALYZE Peaks with additional N2/O included
MS$DATA_PROCESSING: WHOLE RMassBank 3.7.1
PK$SPLASH: splash10-052o-1911000000-7ab2183c72aa7a6fb94f
PK$NUM_PEAK: 156
PK$PEAK: m/z int. rel.int.
  57.0346 138 1
  69.0344 13040 182
  71.0494 138 1
  73.0294 4344 60
  83.9665 1455 20
  85.0285 1681 23
  85.9458 3519 49
  95.008 4338 60
  96.0158 9563 133
  97.0277 1520 21
  99.0103 22055 308
  100.0486 138 1
  102.016 3970 55
  102.9486 5687 79
  104.0134 3200 44
  105.0212 18118 253
  110.0133 17279 241
  110.9758 3852 53
  111.9613 7475 104
  112.9913 5988 83
  113.9836 11928 166
  114.9479 12499 174
  116.5299 138 1
  117.038 4566 63
  124.0287 4441 62
  124.9562 4656 65
  126.0268 5354 74
  126.9484 4049 56
  128.9646 8560 119
  131.9885 18664.5 260
  132.9587 6935 96
  135.0657 138 1
  136.0688 138 1
  137.9881 138 1
  140.0009 50038.5 699
  141.0316 24354 340
  142.0121 818 11
  143.0021 2563 35
  144.9897 3492.5 48
  149.0181 138 1
  150.0188 138 1
  151.0162 138 1
  153.0764 2270 31
  154.0054 1951 27
  155.0015 3928 54
  155.9738 138 1
  158.0258 11350.5 158
  159.0541 8841.5 123
  160.981 4051 56
  162.0365 7128 99
  163.0452 138 1
  164.0614 138 1
  165.0769 138 1
  166.9796 893 12
  169.9671 19610 274
  170.9742 16998 237
  172.0148 4847.5 67
  172.5516 138 1
  173.0131 2312 32
  173.5513 138 1
  174.0464 138 1
  175.0579 15996 223
  176.0191 5875 82
  177.0494 1393 19
  179.5388 138 1
  180.0366 138 1
  180.5369 138 1
  181.0096 138 1
  181.5378 138 1
  182.0349 138 1
  183.0316 516 7
  183.9824 3006 42
  187.0552 138 1
  187.5568 138 1
  187.9774 71482 999
  188.9811 138 1
  191.0228 17073 238
  192.0475 138 1
  195.0444 4537 63
  196.0117 2288.5 31
  199.9773 2491 34
  201.9927 3728 52
  203.9969 138 1
  205.0357 138 1
  205.9889 5447 76
  206.9958 16071 224
  207.4988 138 1
  208.996 6061 84
  216.0081 138 1
  217.1043 138 1
  222.0017 138 1
  223.0387 138 1
  223.9979 18303 255
  237.0053 1270 17
  238.0428 5850.5 81
  238.5737 138 1
  239.0186 138 1
  247.0141 138 1
  247.9999 138 1
  250.0134 138 1
  251.993 138 1
  253.077 138 1
  256.9986 138 1
  258.1711 138 1
  258.8865 138 1
  260.0179 138 1
  262.014 15578 217
  263.0175 138 1
  266.0091 138 1
  267.0161 4979 69
  269.0165 3300 46
  273.0155 138 1
  278.0085 4101 57
  280.0248 138 1
  285.0166 719.5 10
  292.0248 138 1
  304.0933 1699 23
  304.5924 138 1
  305.0892 138 1
  307.0999 28883 403
  308.1038 2764 38
  309.2942 138 1
  316.9433 3094 43
  323.0643 4305 60
  329.1021 6802 95
  330.1047 138 1
  337.1064 138 1
  338.0291 138 1
  339.0354 138 1
  341.0381 1710 23
  343.091 138 1
  354.0638 138 1
  356.0611 138 1
  357.067 138 1
  358.0559 2754 38
  359.0629 11451 160
  360.0638 138 1
  361.0642 138 1
  363.0597 138 1
  367.1214 1331 18
  368.0413 138 1
  374.947 138 1
  388.0637 138 1
  391.0729 138 1
  398.0503 1123 15
  406.0838 138 1
  407.9962 138 1
  409.0121 138 1
  421.0275 138 1
  422.9713 138 1
  439.1436 138 1
  452.98 138 1
  490.0969 138 1
  622.1352 138 1
  623.1423 138 1
  627.95 138 1
//
