ACCESSION: MSBNK-mFam-MC02_000736
RECORD_TITLE: trans-Ferulic acid; ESI-TOF; MS2; CE: 0.6458333;  [M+H]+
DATE: 2023.03.06
AUTHORS: C. Broeckling, Colorado State University Proteomics and Metabolomics Facility
LICENSE: CC BY
PUBLICATION: Broeckling CD;Ganna A;Layer M;Brown K;Sutton B;Ingelsson E;Peers G;Prenni JE; (n.d.). Enabling efficient and confident annotation of LC-MS metabolomics data through MS1 Spectrum and time prediction. Analytical chemistry.
COMMENT: CONFIDENCE Pure standard
CH$NAME: trans-Ferulic acid
CH$COMPOUND_CLASS: NA
CH$FORMULA: C10H10O4
CH$EXACT_MASS: 194.05791
CH$SMILES: COC1=C(O)C=CC(C=CC(O)=O)=C1
CH$IUPAC: InChI=1S/C10H10O4/c1-14-9-6-7(2-4-8(9)11)3-5-10(12)13/h2-6,11H,1H3,(H,12,13)
CH$LINK: INCHIKEY KSEBMYQBYZTDHS-UHFFFAOYSA-N
AC$INSTRUMENT: waters xevo g2 TOF
AC$INSTRUMENT_TYPE: ESI-TOF
AC$MASS_SPECTROMETRY: MS_TYPE MS2
AC$MASS_SPECTROMETRY: ION_MODE POSITIVE
AC$MASS_SPECTROMETRY: IONIZATION ESI
AC$MASS_SPECTROMETRY: COLLISION_ENERGY 0.6458333
AC$CHROMATOGRAPHY: COLUMN_NAME Acquity CSHC18
AC$CHROMATOGRAPHY: RETENTION_TIME 2.241 min
MS$FOCUSED_ION: BASE_PEAK 195.06591
MS$FOCUSED_ION: PRECURSOR_M/Z 195.06591
MS$FOCUSED_ION: PRECURSOR_TYPE [M+H]+
MS$DATA_PROCESSING: RECALIBRATE loess on assigned fragments and MS1
MS$DATA_PROCESSING: REANALYZE Peaks with additional N2/O included
MS$DATA_PROCESSING: WHOLE RMassBank 3.7.1
PK$SPLASH: splash10-014s-3911000000-28d6db9a9972261019a0
PK$NUM_PEAK: 150
PK$PEAK: m/z int. rel.int.
  63.0239 9319 6
  77.0395 57603 39
  78.0473 109840 74
  89.0394 1086555 737
  90.0427 97821 66
  91.0549 93245 63
  92.0583 5453 3
  93.0707 9474 6
  95.0071 4152.5 2
  103.0549 52470 35
  104.0588 3811 2
  105.0344 48984 33
  106.0395 134647 91
  107.0479 24543 16
  115.0549 31083 21
  117.0341 1471139 999
  118.0378 149831 101
  121.0658 15854 10
  123.0451 7659 5
  131.0667 15564 10
  132.0565 7806 5
  133.0291 24082 16
  134.0369 324980 220
  135.0096 24443 16
  137.0605 41215 27
  143.0604 4365 2
  145.029 998265 677
  146.0327 120553 81
  149.0603 415730 282
  150.0649 24449 16
  151.0575 31920 21
  153.0554 4985 3
  159.0278 4942.5 3
  160.052 55415 37
  161.0406 15738 10
  162.032 56344 38
  163.0394 19214 13
  167.0723 2417 1
  173.9981 3312 2
  175.0291 28617.5 19
  176.0783 3174 2
  177.1655 96601.8 65
  178.1135 11556.5 7
  179.0645 4549 3
  188.9935 27930 18
  190.0246 2278 1
  194.0299 1973.5 1
  195.0658 6199 4
  201.0556 43713 29
  202.0603 18142 12
  203.9887 13127 8
  205.029 25750 17
  211.0273 5040 3
  217.0007 2707 1
  219.0704 12125.5 8
  222.0334 19614.5 13
  233.0126 194817 132
  234.0163 22049 14
  235.0748 39404 26
  236.0471 5724.5 3
  237.0509 38135.5 25
  238.0942 9216 6
  250.0281 11296.5 7
  251.0241 14612 9
  253.0323 7045 4
  254.0946 4238 2
  256.0752 9825 6
  261.0553 1650 1
  262.0648 1922 1
  263.0702 52594 35
  264.077 23167 15
  265.0865 137386 93
  266.0889 19213 13
  267.134 2356.5 1
  273.0423 5282 3
  277.0136 3225.3 2
  278.0609 7003 4
  280.0392 9121 6
  281.0466 19773 13
  282.0876 16600 11
  283.1062 11840 8
  288.0296 4036 2
  289.0527 1607 1
  291.0315 16859.5 11
  292.042 9367 6
  293.0298 12241.5 8
  295.042 16792 11
  297.1122 24245 16
  298.1184 10667 7
  299.1283 1550 1
  303.0521 1733 1
  307.0902 31412 21
  308.0698 23678 16
  309.0467 12945 8
  310.0819 8694 5
  311.0917 3597 2
  313.1078 75504 51
  314.1166 7769.5 5
  323.0923 66931 45
  325.1068 23997 16
  337.0725 10854 7
  340.0948 19681 13
  341.1026 90588 61
  342.1085 48475 32
  351.0874 13346 9
  364.0912 12499 8
  366.0637 2447 1
  367.0802 2408 1
  375.0854 3248 2
  381.0644 25298 17
  382.0685 5653 3
  387.1056 2170 1
  393.097 4711 3
  394.0948 1889 1
  395.1071 5019 3
  396.0716 2797 1
  409.0445 37897 25
  410.0488 7354 4
  413.0871 5864 3
  414.0961 1685 1
  424.0255 16228 11
  425.0788 24431 16
  427.0731 41677.3 28
  428.1068 14075 9
  431.07 1560 1
  438.0419 2639 1
  442.0772 121751 82
  443.0401 68167 46
  444.0824 6610.5 4
  449.1123 28283 19
  465.0852 10088 6
  467.0852 3674 2
  531.1341 4125 2
  557.1424 10509 7
  558.1452 3637 2
  575.1259 13054 8
  589.1648 9694 6
  590.1288 4036.5 2
  599.1335 2205 1
  599.636 1635 1
  601.133 3341 2
  605.1457 2818 1
  613.3457 3465 2
  619.1114 21988 14
  620.1153 8502 5
  621.1247 3660 2
  634.0862 1839.5 1
  767.1671 6450 4
  811.1534 3720 2
  812.1613 1693 1
//
