ACCESSION: MSBNK-mFam-MC21_000294
RECORD_TITLE: Noscapine; LC-ESI-QTOF; MS2; CE: 24.76;  [M+H2O-H]-
DATE: 2023.03.23
AUTHORS: Stefanie Doell IPB
LICENSE: CC BY
PUBLICATION: Döll, S., Farahani-Kofoet, R. D., Zrenner, R., Henze, A. & Witzel, K. (2021) Tissue-specific signatures of metabolites and proteins in asparagus roots and exudates. Horticulture Research.
COMMENT: CONFIDENCE Pure standard
CH$NAME: Noscapine
CH$COMPOUND_CLASS: NA
CH$FORMULA: C22H23NO7
CH$EXACT_MASS: 413.1475
CH$SMILES: CN1CCC2=CC3=C(C(=C2C1C4C5=C(C(=C(C=C5)OC)OC)C(=O)O4)OC)OCO3
CH$IUPAC: InChI=1S/C22H23NO7/c1-23-8-7-11-9-14-20(29-10-28-14)21(27-4)15(11)17(23)18-12-5-6-13(25-2)19(26-3)16(12)22(24)30-18/h5-6,9,17-18H,7-8,10H2,1-4H3
CH$LINK: INCHIKEY AKNNEGZIBPJZJG-UHFFFAOYSA-N
AC$INSTRUMENT: Bruker MicrOTOF-Q
AC$INSTRUMENT_TYPE: LC-ESI-QTOF
AC$MASS_SPECTROMETRY: MS_TYPE MS2
AC$MASS_SPECTROMETRY: ION_MODE NEGATIVE
AC$MASS_SPECTROMETRY: IONIZATION ESI
AC$MASS_SPECTROMETRY: COLLISION_ENERGY 24.76
AC$CHROMATOGRAPHY: COLUMN_NAME Acquity CSHC18
AC$CHROMATOGRAPHY: RETENTION_TIME NA
MS$FOCUSED_ION: BASE_PEAK 430.1507
MS$FOCUSED_ION: PRECURSOR_M/Z 430.1507
MS$FOCUSED_ION: PRECURSOR_TYPE [M+H2O-H]-
MS$DATA_PROCESSING: RECALIBRATE loess on assigned fragments and MS1
MS$DATA_PROCESSING: REANALYZE Peaks with additional N2/O included
MS$DATA_PROCESSING: WHOLE RMassBank 3.7.1
PK$SPLASH: splash10-0f7y-2910000000-e225057a84b6c74c3963
PK$NUM_PEAK: 144
PK$PEAK: m/z int. rel.int.
  45.6163 71 184
  46.6929 41 106
  47.1405 23 59
  48.0879 34.5 89
  52.1716 29 75
  53.8489 38 98
  54.4153 28 72
  55.5616 22 57
  56.876 23 59
  57.6311 38 98
  60.0924 28 72
  62.7692 37.5 97
  63.7857 24 62
  69.6228 36 93
  70.2692 32 83
  70.8537 30.5 79
  71.9023 26 67
  77.7321 26 67
  80.2156 36 93
  82.1593 26 67
  83.6381 42 108
  84.932 36 93
  86.0782 29 75
  86.5203 32 83
  87.474 39 101
  88.3802 25 64
  90.2254 35.7 92
  91.4782 39 101
  92.3086 31 80
  92.7102 24 62
  93.8155 27 70
  94.829 33 85
  98.4615 32 83
  99.9837 39 101
  100.9294 25 64
  102.2783 35 90
  105.1157 29.7 76
  105.6615 37 96
  106.6375 37 96
  107.8757 42.5 110
  108.5564 21 54
  109.2585 45 116
  109.8687 36 93
  110.6786 22 57
  111.9769 21 54
  112.9371 28 72
  114.1902 37 96
  114.7911 27 70
  116.4793 40 103
  117.9079 30 77
  119.178 36.5 94
  121.2456 33.5 86
  121.9148 28 72
  123.2943 29 75
  124.8436 40.5 105
  125.6335 41 106
  126.7992 32 83
  127.3562 36 93
  129.8155 30 77
  130.5151 41 106
  133.101 36 93
  133.515 28 72
  135.2073 39.5 102
  136.1832 279.5 725
  137.0092 24 62
  137.4117 24 62
  140.2675 43.5 112
  141.0987 34 88
  142.1528 35.5 92
  142.9168 20 51
  145.6814 30 77
  146.3388 40 103
  146.8897 40 103
  148.2355 31 80
  149.2241 25 64
  151.1107 64.2 166
  152.0082 243 630
  152.8535 45 116
  153.8138 35.5 92
  154.7649 34 88
  155.267 51 132
  156.0479 29 75
  161.5598 21.5 55
  163.2435 41 106
  165.9875 23 59
  167.1415 39.3 102
  168.6938 53 137
  169.6082 22 57
  171.5201 34.5 89
  172.4146 39 101
  176.3212 24 62
  179.0049 27 70
  180.0084 352 913
  180.4403 22 57
  180.9767 34 88
  181.5777 28 72
  186.0594 33 85
  187.9694 28 72
  188.5714 39 101
  190.8302 36 93
  194.9117 385 999
  196.0907 81 210
  197.0365 76 197
  202.4276 22 57
  204.8363 21 54
  216.0695 35 90
  225.3627 20 51
  232.735 22 57
  236.4904 21 54
  240.5981 32 83
  242.9169 20 51
  252.0803 42 108
  253.0905 38 98
  267.2202 20 51
  273.7587 24 62
  279.1704 26.5 68
  280.1085 24 62
  283.0361 22 57
  296.0366 40 103
  304.1748 24 62
  309.0998 35 90
  311.0907 34 88
  313.072 20 51
  323.9818 23.7 61
  327.1425 23 59
  328.3931 20 51
  340.0494 29 75
  341.7014 29 75
  421.3311 29 75
  446.715 21 54
  473.7327 25 64
  487.9867 31 80
  490.2812 50 129
  541.9006 22 57
  563.5314 33 85
  566.2233 35 90
  567.6814 22 57
  652.0848 28 72
  671.2997 23 59
  706.1011 26 67
  821.928 26 67
  973.5219 36 93
  974.7575 21 54
  981.2314 41 106
//
