ACCESSION: MSBNK-mFam-MC21_000159
RECORD_TITLE: 7-methylthioheptyl glucosinolate; LC-ESI-QTOF; MS2; CE: 27.16;  [M-H]-
DATE: 2023.03.22
AUTHORS: Stefanie Döll, Hendrik Treutler
LICENSE: CC BY
PUBLICATION: Döll, S., Farahani-Kofoet, R. D., Zrenner, R., Henze, A. & Witzel, K. (2021) Tissue-specific signatures of metabolites and proteins in asparagus roots and exudates. Horticulture Research.
COMMENT: CONFIDENCE Pure standard
CH$NAME: 7-methylthioheptyl glucosinolate
CH$COMPOUND_CLASS: NA
CH$FORMULA: C15H29NO9S3
CH$EXACT_MASS: 463.1004
CH$SMILES: CSCCCCCCCC(=NOS(=O)(=O)O)SC1C(C(C(C(O1)CO)O)O)O
CH$IUPAC: InChI=1S/C15H29NO9S3/c1-26-8-6-4-2-3-5-7-11(16-25-28(21,22)23)27-15-14(20)13(19)12(18)10(9-17)24-15/h10,12-15,17-20H,2-9H2,1H3,(H,21,22,23)
CH$LINK: INCHIKEY SJHVRBSHKTUXLG-UHFFFAOYSA-N
AC$INSTRUMENT: Bruker MicrOTOF-Q
AC$INSTRUMENT_TYPE: LC-ESI-QTOF
AC$MASS_SPECTROMETRY: MS_TYPE MS2
AC$MASS_SPECTROMETRY: ION_MODE NEGATIVE
AC$MASS_SPECTROMETRY: IONIZATION ESI
AC$MASS_SPECTROMETRY: COLLISION_ENERGY 27.16
AC$CHROMATOGRAPHY: COLUMN_NAME Acquity CSHC18
AC$CHROMATOGRAPHY: RETENTION_TIME NA
MS$FOCUSED_ION: BASE_PEAK 462.0932
MS$FOCUSED_ION: PRECURSOR_M/Z 462.0932
MS$FOCUSED_ION: PRECURSOR_TYPE [M-H]-
MS$DATA_PROCESSING: RECALIBRATE loess on assigned fragments and MS1
MS$DATA_PROCESSING: REANALYZE Peaks with additional N2/O included
MS$DATA_PROCESSING: WHOLE RMassBank 3.7.1
PK$SPLASH: splash10-0a4r-1390000000-adf317ff728c9064d818
PK$NUM_PEAK: 153
PK$PEAK: m/z int. rel.int.
  47.2702 18872108.4 4
  50.3419 27453216 6
  52.4244 18116349.8 4
  54.4263 17851348 4
  55.4217 20006722.7 4
  57.779 21749586.1 5
  60.338 21437928.7 4
  61.3709 21326061.7 4
  62.9464 25275474.8 5
  63.9801 23400739.3 5
  64.6292 15323987.3 3
  65.2753 19476822 4
  65.7447 22009064 5
  66.5211 16931767.4 3
  68.0288 17157930.4 3
  69.8324 16633724.2 3
  70.3903 19447616 4
  70.9594 16317575 3
  71.6771 14922884.7 3
  72.5679 20810848.5 4
  73.8591 20717132.6 4
  76.066 17133426.6 3
  77.568 19583159.3 4
  78.6614 25971208.8 6
  80.0541 57683139 13
  81.1295 27157351 6
  81.8228 35373943 8
  82.662 13049550 3
  83.1325 39923184 9
  84.5891 20623804.4 4
  86.7154 23963421.6 5
  88.5474 16552751.8 3
  89.8292 19856396 4
  91.4378 23318611.8 5
  92.733 22522652 5
  93.3369 12324570.5 2
  94.234 13689001 3
  97.7443 1502073584.2 349
  102.9862 23374044 5
  104.9994 39530576 9
  105.9601 46930472 10
  111.9909 294003675 68
  113.0235 147166512 34
  113.9295 22421856 5
  114.9871 21351632 4
  117.0119 143658416 33
  117.7867 14554503.5 3
  119.0034 27265740 6
  122.1621 14768873 3
  123.0019 12676016 2
  125.0267 30458818 7
  127.0427 44596256 10
  127.8738 706946674 164
  128.9724 349785351 81
  129.9207 167387408 38
  131.0381 30349386 7
  134.0316 30642410 7
  135.0469 117768280 27
  138.9716 2242543100 521
  140.1486 38182706 8
  140.9659 89115680 20
  143.0346 126655776 29
  145.0496 177446704 41
  146.0487 28622960 6
  150.97 77300864 17
  153.0248 35094832.5 8
  154.441 10941062 2
  154.9397 25991612 6
  155.7309 15810141 3
  157.0725 11718164 2
  158.5301 12407839 2
  161.043 22544258 5
  161.6738 13868174 3
  163.0627 68050480 15
  164.0532 16914804 3
  168.981 331745088 77
  170.9754 20803168 4
  175.1904 12972144 3
  177.0225 45822784 10
  178.024 35337004 8
  179.0609 16834468 3
  180.0295 14113883 3
  181.6879 18575324 4
  189.0921 21240750 4
  190.3591 16682664 3
  192.305 10213950 2
  194.9832 355933962 82
  196.0367 71897944 16
  197.0238 13171634 3
  198.9936 487986304 113
  200.0017 35354360 8
  200.9881 22325396 5
  202.0711 65657768 15
  204.1626 137835824.5 32
  205.1911 2059759955 478
  206.2495 256783545 59
  207.0726 298037984 69
  208.0736 34663948 8
  209.1318 12215730 2
  211.0693 24066259.3 5
  213.0314 10809551 2
  214.1145 13958030 3
  215.5009 10082321 2
  217.0785 26216710 6
  219.1539 20382827 4
  220.4812 1113243692.2 258
  221.8924 388066424 90
  222.9985 34939344 8
  224.0766 13875188 3
  225.0054 16591530 3
  227.0228 443024064 102
  228.1015 13778994 3
  229.0154 36038936 8
  231.1269 12534927 2
  235.136 22355412 5
  239.042 1441366780 334
  239.4966 9524036 2
  240.0434 125309120 29
  240.919 569946452.7 132
  241.7635 46490430.7 10
  243.0039 68062288 15
  244.0832 66836316 15
  247.938 18350226 4
  257.0608 118916084 27
  258.8005 4298488875 999
  259.4991 36095600 8
  260.1887 494384559 114
  261.0115 790180480 183
  262.0938 80212032 18
  266.0525 581209540 135
  268.0599 27574648 6
  269.0905 1196738583.3 278
  269.9368 208067912 48
  271.0329 553961790 128
  272.0393 29357584 6
  274.1127 26007058.7 6
  275.3398 1491526792 346
  276.9887 652003780 151
  277.9928 60733960 14
  284.0628 334710656 77
  285.0695 32155316 7
  286.0544 22740706 5
  290.9826 89407968 20
  299.088 49214211 11
  300.0334 23666080 5
  301.0433 23724756 5
  315.1606 10813360 2
  382.1372 131064176 30
  383.132 10364924 2
  384.1442 9856605 2
  462.0926 1255010940 291
  463.0932 319532640 74
  464.0923 102446398 23
//
