ACCESSION: MSBNK-mFam-MC11_000126
RECORD_TITLE: Silybin; LC-ESI-QTOF; MS2; CE: 50eV;  [M-H]-
DATE: 2023.04.05
AUTHORS: Jörg Ziegler, Leibniz-Institute of Plant Biochemistry, Halle, Germany
LICENSE: CC BY
PUBLICATION: NA
COMMENT: CONFIDENCE Pure standard
CH$NAME: Silybin
CH$COMPOUND_CLASS: Flavonolignan
CH$FORMULA: C25H22O10
CH$EXACT_MASS: 482.1213
CH$SMILES: COC1=C(C=CC(=C1)C2C(OC3=C(O2)C=C(C=C3)C4C(C(=O)C5=C(C=C(C=C5O4)O)O)O)CO)O
CH$IUPAC: InChI=1S/C25H22O10/c1-32-17-6-11(2-4-14(17)28)24-20(10-26)33-16-5-3-12(7-18(16)34-24)25-23(31)22(30)21-15(29)8-13(27)9-19(21)35-25/h2-9,20,23-29,31H,10H2,1H3
CH$LINK: INCHIKEY SEBFKMXJBCUCAI-UHFFFAOYSA-N
AC$INSTRUMENT: TIMS-TOF Pro, Bruker Daltonik; Elute UHPLC System, Bruker Daltonik
AC$INSTRUMENT_TYPE: LC-ESI-QTOF
AC$MASS_SPECTROMETRY: MS_TYPE MS2
AC$MASS_SPECTROMETRY: ION_MODE NEGATIVE
AC$MASS_SPECTROMETRY: IONIZATION ESI
AC$MASS_SPECTROMETRY: COLLISION_ENERGY 50eV
AC$CHROMATOGRAPHY: COLUMN_NAME Acquity CSHC18
AC$CHROMATOGRAPHY: RETENTION_TIME 7.147 min
MS$FOCUSED_ION: BASE_PEAK 481.1066
MS$FOCUSED_ION: PRECURSOR_M/Z 481.1066
MS$FOCUSED_ION: PRECURSOR_TYPE [M-H]-
MS$FOCUSED_ION: PRECURSOR_INTENSITY 47705.33
MS$DATA_PROCESSING: RECALIBRATE loess on assigned fragments and MS1
MS$DATA_PROCESSING: REANALYZE Peaks with additional N2/O included
MS$DATA_PROCESSING: WHOLE RMassBank 3.7.1
PK$SPLASH: splash10-001i-0601900000-c00fe37f17e34f851da1
PK$NUM_PEAK: 173
PK$PEAK: m/z int. rel.int.
  29.9068 191 1
  45.9481 238 2
  56.4207 147 1
  57.0334 1500 14
  57.2444 138 1
  59.7015 129 1
  63.0236 413 3
  63.4449 135 1
  65.0016 686 6
  67.0179 242 2
  74.2088 227 2
  79.5063 111 1
  81.1825 176 1
  81.4783 192 1
  83.0126 1944 18
  84.1918 483 4
  88.2796 173 1
  89.3644 209 1
  95.0121 446 4
  96.0214 403 3
  96.991 316 2
  102.4302 113 1
  105.0366 146 1
  107.0124 2194 20
  108.0178 592 5
  109.0264 535 5
  111.006 438 4
  115.0542 146 1
  121.0271 2138 20
  122.0352 646 6
  123.0441 423 3
  124.0149 4706 44
  124.2943 140 1
  124.9579 271 2
  125.0231 22318 209
  125.7929 155 1
  126.0265 1278 11
  127.0303 254 2
  130.5571 146 1
  132.0477 174 1
  134.0373 390 3
  135.0431 721 6
  136.016 332 3
  137.0237 632 5
  139.002 164 1
  145.0238 164 1
  146.0357 1947 18
  147.0052 785 7
  148.0125 832 7
  149.0396 1344 12
  150.0297 568 5
  151.0008 8818 82
  151.4816 149 1
  152.008 18017 168
  152.1791 138 1
  152.2667 167 1
  152.3386 161 1
  152.4068 154 1
  152.4944 206 1
  152.6249 154 1
  152.8275 107 1
  153.0147 1327 12
  154.013 241 2
  157.6582 143 1
  159.0431 355 3
  160.0449 174 1
  161.0558 1083 10
  162.0298 220 2
  163.0348 702 6
  164.0471 989 9
  164.4209 165 1
  165.0138 389 3
  170.034 158 1
  171.5279 173 1
  172.2969 176 1
  174.1126 179 1
  175.0376 381 3
  176.0069 317 2
  177.9745 236 2
  179.5386 277 2
  180.0037 2036 19
  180.2005 173 1
  181.0121 338 3
  182.0126 186 1
  183.0415 305 2
  187.0373 1004 9
  188.0456 247 2
  191.0304 606 5
  195.0414 312 2
  199.0364 167 1
  201.0501 125 1
  203.0268 135 1
  214.06 165 1
  215.0022 232 2
  216.0369 407 3
  217.253 337 3
  227.8346 185 1
  228.449 414 3
  230.4457 198 1
  230.6133 405 3
  232.3092 247 2
  233.0765 265 2
  234.1224 259 2
  235.6762 247 2
  238.5143 164 1
  239.7456 195 1
  241.7297 265 2
  243.4266 283 2
  247.029 328 3
  249.4636 183 1
  252.3733 245 2
  254.1523 474 4
  257.0437 1087 10
  257.8102 226 2
  258.0482 715 6
  263.2615 152 1
  265.492 355 3
  267.5899 313 2
  273.0389 635 5
  274.0429 325 3
  276.7799 426 3
  283.0185 1032 9
  284.0247 534 5
  285.038 535 5
  287.054 281 2
  299.0566 239 2
  301.0313 16688 156
  301.2638 113 1
  301.5677 133 1
  301.9594 190 1
  302.0334 2963 27
  302.2006 109 1
  303.0454 335 3
  306.4281 129 1
  310.2488 209 1
  315.0777 140 1
  332.7437 211 1
  355.0729 396.5 3
  356.0823 289 2
  357.0768 241 2
  372.4002 119 1
  377.0977 140 1
  394.3483 108 1
  421.0883 108 1
  423.1032 315 2
  424.0962 165 1
  431.5384 129 1
  435.1028 1032 9
  436.1066 347 3
  437.1147 805 7
  438.1174 352 3
  444.6133 229 2
  446.0907 122 1
  451.0966 2110 19
  452.0951 773 7
  453.1115 6595 61
  453.3801 158 1
  454.1156 1596 14
  454.4214 113 1
  455.1175 391 3
  463.0939 2662 24
  463.5589 139 1
  463.9833 174 1
  464.0988 1185 11
  465.1082 284 2
  480.6536 235 2
  480.785 244 2
  480.8714 181 1
  480.9613 370 3
  481.1066 106529 999
  481.3124 233 2
  481.4387 276 2
  481.6047 370 3
//
