ACCESSION: MSBNK-mFam-MC02_000783
RECORD_TITLE: Phenylacetylglycine; ESI-TOF; MS2; CE: 6.0000000;  [M+H]+
DATE: 2023.03.06
AUTHORS: C. Broeckling, Colorado State University Proteomics and Metabolomics Facility
LICENSE: CC BY
PUBLICATION: Broeckling CD;Ganna A;Layer M;Brown K;Sutton B;Ingelsson E;Peers G;Prenni JE; (n.d.). Enabling efficient and confident annotation of LC-MS metabolomics data through MS1 Spectrum and time prediction. Analytical chemistry.
COMMENT: CONFIDENCE Pure standard
CH$NAME: Phenylacetylglycine
CH$COMPOUND_CLASS: NA
CH$FORMULA: C10H11NO3
CH$EXACT_MASS: 193.07389
CH$SMILES: OC(=O)CNC(=O)CC1=CC=CC=C1
CH$IUPAC: InChI=1S/C10H11NO3/c12-9(11-7-10(13)14)6-8-4-2-1-3-5-8/h1-5H,6-7H2,(H,11,12)(H,13,14)
CH$LINK: INCHIKEY UTYVDVLMYQPLQB-UHFFFAOYSA-N
AC$INSTRUMENT: waters xevo g2 TOF
AC$INSTRUMENT_TYPE: ESI-TOF
AC$MASS_SPECTROMETRY: MS_TYPE MS2
AC$MASS_SPECTROMETRY: ION_MODE POSITIVE
AC$MASS_SPECTROMETRY: IONIZATION ESI
AC$MASS_SPECTROMETRY: COLLISION_ENERGY 6.0000000
AC$CHROMATOGRAPHY: COLUMN_NAME Acquity CSHC18
AC$CHROMATOGRAPHY: RETENTION_TIME 2.111 min
MS$FOCUSED_ION: BASE_PEAK 194.08189
MS$FOCUSED_ION: PRECURSOR_M/Z 194.08189
MS$FOCUSED_ION: PRECURSOR_TYPE [M+H]+
MS$DATA_PROCESSING: RECALIBRATE loess on assigned fragments and MS1
MS$DATA_PROCESSING: REANALYZE Peaks with additional N2/O included
MS$DATA_PROCESSING: WHOLE RMassBank 3.7.1
PK$SPLASH: splash10-0006-1950601000-856504c59bd7f0e447c9
PK$NUM_PEAK: 131
PK$PEAK: m/z int. rel.int.
  76.0403 333910 154
  77.0433 7725 3
  91.055 79035 36
  96.9844 26493 12
  113.9644 44059 20
  137.0326 4660 2
  144.0248 2847 1
  146.0387 4418 2
  148.0476 34103.5 15
  149.0808 8637 3
  166.0651 9289 4
  173.0292 17212 7
  176.0469 49482 22
  177.0742 17329 7
  178.0171 6100 2
  194.0817 2164026 999
  195.0849 279019 128
  196.0871 31778 14
  199.0884 4990 2
  200.0895 69299 31
  201.0965 4318 1
  203.0037 19350 8
  205.0188 33430 15
  206.0362 9039 4
  208.097 9583 4
  210.0523 2658 1
  215.9377 1164512 537
  218.0689 34355 15
  230.0789 48196 22
  231.0565 2825.5 1
  232.0291 57075 26
  233.0334 5844 2
  235.0407 16671 7
  238.0455 9522 4
  245.0362 6325 2
  247.055 4556.3 2
  248.0016 3565.5 1
  249.0099 12598 5
  250.0039 9791 4
  251.9987 2322 1
  259.1142 7938 3
  264.0522 10683.5 4
  273.0482 11974 5
  274.0892 2480.5 1
  279.0321 12134 5
  294.0059 8592 3
  307.0603 19546 9
  319.105 15606 7
  330.0857 15226 7
  336.0637 13345 6
  336.5498 4728 2
  338.0711 12913 5
  339.0727 2470 1
  353.0944 17431 8
  354.0979 2529 1
  363.131 4287 1
  368.0812 43842 20
  369.0851 5880 2
  392.0804 3432 1
  396.0778 5588 2
  397.0831 4942 2
  399.0848 33615 15
  400.0866 7191 3
  401.034 7550.5 3
  403.0814 2267 1
  409.1251 27484 12
  410.1278 9492 4
  411.1133 89986 41
  412.1171 20176 9
  413.12 2847 1
  422.11 4130 1
  425.1018 421917 194
  426.1052 105323 48
  427.1054 19607 9
  428.1067 2272 1
  429.0975 11126 5
  431.1134 22654 10
  432.1222 3429 1
  432.5846 11516 5
  433.0895 9517 4
  436.0739 10827 4
  437.0751 2890 1
  438.1542 15986.5 7
  439.077 17798 8
  440.0669 453577 209
  441.0714 276680 127
  442.0745 65630 30
  443.0743 108660 50
  444.0783 26569 12
  445.0715 43616 20
  446.0728 11331 5
  447.0839 7897 3
  448.0999 11251 5
  449.1005 4105.5 1
  464.1008 12943 5
  465.1014 3264 1
  466.0753 5184.5 2
  468.0991 4604 2
  495.0572 9355.5 4
  548.0954 3075 1
  602.199 7650 3
  604.1892 3276 1
  618.1756 76546 35
  619.1778 25521 11
  620.1828 5328 2
  631.1468 8143 3
  632.1525 2391 1
  633.1395 127850 59
  634.1458 54811 25
  635.146 13060 6
  636.1478 24850 11
  638.1422 10507 4
  655.1211 30653 14
  656.123 17126 7
  657.1276 3471 1
  672.0927 6769 3
  674.097 3944 1
  688.0681 4518 2
  689.0809 2360 1
  703.1081 2694 1
  841.2149 5488 2
  864.1586 7026 3
  870.1757 41402 19
  871.1794 21245 9
  872.1788 4001 1
  879.1193 4601 2
  880.1283 7058 3
  882.1315 4274 1
  1072.1914 5144 2
  1073.1967 3347 1
  1085.239 2371.5 1
//
