ACCESSION: MSBNK-mFam-MC02_000728
RECORD_TITLE: Naringenin; ESI-TOF; MS2; CE: 0.6458333;  [M+H]+
DATE: 2023.03.06
AUTHORS: C. Broeckling, Colorado State University Proteomics and Metabolomics Facility
LICENSE: CC BY
PUBLICATION: Broeckling CD;Ganna A;Layer M;Brown K;Sutton B;Ingelsson E;Peers G;Prenni JE; (n.d.). Enabling efficient and confident annotation of LC-MS metabolomics data through MS1 Spectrum and time prediction. Analytical chemistry.
COMMENT: CONFIDENCE Pure standard
CH$NAME: Naringenin
CH$COMPOUND_CLASS: NA
CH$FORMULA: C15H12O5
CH$EXACT_MASS: 272.06847
CH$SMILES: OC1=CC=C(C=C1)C1CC(=O)C2=C(O)C=C(O)C=C2O1
CH$IUPAC: InChI=1S/C15H12O5/c16-9-3-1-8(2-4-9)13-7-12(19)15-11(18)5-10(17)6-14(15)20-13/h1-6,13,16-18H,7H2
CH$LINK: INCHIKEY FTVWIRXFELQLPI-UHFFFAOYSA-N
AC$INSTRUMENT: waters xevo g2 TOF
AC$INSTRUMENT_TYPE: ESI-TOF
AC$MASS_SPECTROMETRY: MS_TYPE MS2
AC$MASS_SPECTROMETRY: ION_MODE POSITIVE
AC$MASS_SPECTROMETRY: IONIZATION ESI
AC$MASS_SPECTROMETRY: COLLISION_ENERGY 0.6458333
AC$CHROMATOGRAPHY: COLUMN_NAME Acquity CSHC18
AC$CHROMATOGRAPHY: RETENTION_TIME 2.859 min
MS$FOCUSED_ION: BASE_PEAK 273.07647
MS$FOCUSED_ION: PRECURSOR_M/Z 273.07647
MS$FOCUSED_ION: PRECURSOR_TYPE [M+H]+
MS$DATA_PROCESSING: RECALIBRATE loess on assigned fragments and MS1
MS$DATA_PROCESSING: REANALYZE Peaks with additional N2/O included
MS$DATA_PROCESSING: WHOLE RMassBank 3.7.1
PK$SPLASH: splash10-0f6t-0900020000-3979fc944fd3cf04fc70
PK$NUM_PEAK: 118
PK$PEAK: m/z int. rel.int.
  67.019 38422 21
  68.9983 18364 10
  83.0144 5122 2
  91.0551 148400 81
  92.059 11518 6
  95.0503 48635 26
  97.0294 24278 13
  107.0502 99449 54
  108.0536 5052 2
  111.0106 34878 19
  119.0498 668766 365
  120.053 35013.5 19
  121.0308 33365 18
  123.0445 210286 115
  124.0485 15764 8
  125.0235 5399 2
  127.0775 3595 1
  147.0754 1712492 936
  148.0483 310024 169
  151.0398 55234 30
  153.1254 1826585 999
  154.0224 525386 287
  157.0654 7214 3
  159.0119 7207 3
  161.0605 12288 6
  163.0761 10334 5
  171.0327 5564 3
  179.0344 65661 35
  180.0357 2180 1
  185.0526 4682 2
  189.0214 51119.5 27
  190.0589 8967 4
  199.0973 3437 1
  208.9545 6251 3
  231.0662 45601 24
  255.0607 55428 30
  266.1536 4853 2
  267.0331 5401 2
  269.0132 4914 2
  273.4219 163547.9 89
  275.1467 14727.7 8
  279.0861 4818 2
  287.0552 10768 5
  295.0577 9868 5
  301.0014 4550 2
  302.9972 5084 2
  311.0237 114379 62
  312.0266 13251 7
  317.0398 2999 1
  324.9832 4443 2
  325.989 20621 11
  326.9948 31311 17
  328.0003 9139 4
  329.0349 3867 2
  332.2107 2061 1
  358.0148 2066 1
  370.0216 2856 1
  389.1819 16260 8
  411.1629 4336 2
  458.1969 4203 2
  463.0348 5710 3
  473.0313 12629 6
  475.0316 8760 4
  476.0384 6881 3
  477.027 7324 4
  479.1186 6399.5 3
  488.0207 7155 3
  489.0197 3278 1
  539.1022 28690 15
  540.1079 7741 4
  541.0815 15306 8
  542.0832 6147 3
  567.116 18090 9
  568.1193 7924 4
  569.1037 116419 63
  570.1073 18089 9
  571.11 4168 2
  583.0912 324474 177
  584.095 112891 61
  585.0971 11494 6
  586.0968 2917 1
  587.0863 2956 1
  588.089 2130 1
  593.0587 2284 1
  594.0618 9946 5
  595.0632 7347 4
  596.0606 23505 12
  597.0648 16147 8
  598.0566 305400 167
  599.0599 298842 163
  600.0624 42717 23
  601.0664 19606 10
  602.0674 10732 5
  603.0622 5912 3
  604.0643 3908 2
  605.0608 3209 1
  609.0652 2729 1
  610.0567 25591 13
  611.0602 13535 7
  612.0386 5326 2
  620.0392 7812 4
  621.045 3650 1
  863.1512 5893 3
  864.1475 3350 1
  892.1041 24709 13
  893.1057 8732 4
  894.1106 2894 1
  911.0781 3174 1
  927.0429 2753 1
  928.0529 2381 1
  929.052 3498 1
  1180.1372 10983 6
  1181.1374 5794 3
  1182.1381 5372 2
  1196.1106 7349 4
  1197.1066 5304 2
  1198.1107 13701 7
  1199.1122 8231 4
//
