ACCESSION: MSBNK-mFam-MC02_000780
RECORD_TITLE: Hippuric acid; ESI-TOF; MS2; CE: 0.6458333;  [M+H]+
DATE: 2023.03.06
AUTHORS: C. Broeckling, Colorado State University Proteomics and Metabolomics Facility
LICENSE: CC BY
PUBLICATION: Broeckling CD;Ganna A;Layer M;Brown K;Sutton B;Ingelsson E;Peers G;Prenni JE; (n.d.). Enabling efficient and confident annotation of LC-MS metabolomics data through MS1 Spectrum and time prediction. Analytical chemistry.
COMMENT: CONFIDENCE Pure standard
CH$NAME: Hippuric acid
CH$COMPOUND_CLASS: NA
CH$FORMULA: C9H9NO3
CH$EXACT_MASS: 179.05824
CH$SMILES: OC(=O)CNC(=O)C1=CC=CC=C1
CH$IUPAC: InChI=1S/C9H9NO3/c11-8(12)6-10-9(13)7-4-2-1-3-5-7/h1-5H,6H2,(H,10,13)(H,11,12)
CH$LINK: INCHIKEY QIAFMBKCNZACKA-UHFFFAOYSA-N
AC$INSTRUMENT: waters xevo g2 TOF
AC$INSTRUMENT_TYPE: ESI-TOF
AC$MASS_SPECTROMETRY: MS_TYPE MS2
AC$MASS_SPECTROMETRY: ION_MODE POSITIVE
AC$MASS_SPECTROMETRY: IONIZATION ESI
AC$MASS_SPECTROMETRY: COLLISION_ENERGY 0.6458333
AC$CHROMATOGRAPHY: COLUMN_NAME Acquity CSHC18
AC$CHROMATOGRAPHY: RETENTION_TIME 1.997 min
MS$FOCUSED_ION: BASE_PEAK 180.06624
MS$FOCUSED_ION: PRECURSOR_M/Z 180.06624
MS$FOCUSED_ION: PRECURSOR_TYPE [M+H]+
MS$DATA_PROCESSING: RECALIBRATE loess on assigned fragments and MS1
MS$DATA_PROCESSING: REANALYZE Peaks with additional N2/O included
MS$DATA_PROCESSING: WHOLE RMassBank 3.7.1
PK$SPLASH: splash10-0101-2879101000-beff6ec3426129fb9310
PK$NUM_PEAK: 142
PK$PEAK: m/z int. rel.int.
  67.9814 690 3
  77.0396 139795 740
  78.0435 6209 32
  95.0497 5283 27
  105.0343 27962 148
  106.0512 23543 124
  107.0565 3397.5 18
  113.9869 4942 26
  118.0656 53955 285
  119.0694 2461 13
  127.9798 618 3
  129.0531 4605 24
  130.0649 1380 7
  132.9743 6307 33
  134.0607 4897 25
  134.9762 2531 13
  136.9898 8688 46
  143.9633 680 3
  148.9921 2637 13
  149.9771 1962 10
  150.985 2352 12
  162.0216 1736.5 9
  163.0334 5064 26
  174.0234 188537 999
  175.0259 9345 49
  175.9799 11243 59
  176.9875 13630 72
  178.0196 7982 42
  180.0816 2037 10
  182.1432 750.5 3
  186.0745 5709 30
  188.0023 5261 27
  188.9883 5136 27
  189.9951 29869 158
  191.0029 60425 320
  192.0342 28675 151
  193.9909 16569 87
  202.0481 6700 35
  203.0272 3636 19
  205.0059 8448 44
  205.9883 6204 32
  206.9981 24514 129
  208.0045 15640 82
  218.063 93181 493
  219.0184 46479 246
  220.0205 6881 36
  221.0174 10183 53
  224.0301 5532 29
  225.0243 4150 21
  226.0192 3998 21
  236.0233 8409 44
  237.0258 1068 5
  251.0881 931 4
  253.0189 46437 246
  254.0682 3701.5 19
  263.0103 2800 14
  265.0084 1114 5
  267.0297 29717 157
  268.0386 45831 242
  269.0431 6005 31
  270.0431 23015 121
  272.0386 7666 40
  273.1324 2868 15
  282.0194 23560 124
  285.0462 1478 7
  292.5257 4572 24
  293.0791 6090.5 32
  294.0828 3937 20
  295.1032 53422 283
  296.0615 23201 122
  297.0598 5580 29
  308.0457 6371 33
  309.0623 38265.5 202
  310.0689 62328.5 330
  311.0403 26427 140
  320.0613 8175 43
  323.049 48012 254
  324.0569 22781 120
  325.0629 77326 409
  326.0671 17077 90
  327.0643 14499 76
  328.0632 2025 10
  329.0609 4459 23
  331.0602 793 4
  339.0925 13887 73
  340.0516 25776 136
  341.0538 2554 13
  342.4877 2010 10
  353.0809 9993 52
  363.1612 736 3
  364.0514 594 3
  367.0438 1337 7
  368.0454 2836 15
  369.0528 949 5
  371.0538 7134 37
  373.0503 3299 17
  375.0554 434 2
  382.0955 729 3
  383.0827 15953 84
  389.0196 5388 28
  390.0269 23079 122
  391.0349 4903 25
  392.0368 832 4
  394.2125 1266 6
  397.0709 124796 661
  398.0743 27892 147
  399.0753 2612 13
  401.0634 2414 12
  410.0391 1082 5
  412.0365 19601 103
  414.0412 780 4
  432.0186 3013 15
  432.518 1963 10
  435.0233 14144 74
  450.9885 5013 26
  452.0594 1109 5
  452.9995 2196 11
  457.0062 8150 43
  466.9615 6391 33
  467.9691 1801 9
  472.9824 1558 8
  584.0452 3861 20
  585.0469 4619 24
  586.048 1441 7
  600.024 2833 15
  614.0764 6687 35
  616.0738 1921 10
  629.0464 3608 19
  631.0544 3722 19
  632.0479 1641 8
  635.0559 24813 131
  636.0578 10777 57
  637.0602 1376 7
  645.0241 1234 6
  646.0225 12099 64
  647.0283 2936 15
  648.0255 1954 10
  652.0311 1062 5
  785.1585 2135 11
  814.1136 7134 37
  815.1157 4139 21
  837.0968 1545 8
//
