ACCESSION: MSBNK-mFam-MC02_000532
RECORD_TITLE: 11-deoxy Prostaglandin F2-alpha; ESI-TOF; MS2; CE: 0.6458333;  [M+H]+
DATE: 2023.03.06
AUTHORS: C. Broeckling, Colorado State University Proteomics and Metabolomics Facility
LICENSE: CC BY
PUBLICATION: Broeckling CD;Ganna A;Layer M;Brown K;Sutton B;Ingelsson E;Peers G;Prenni JE; (n.d.). Enabling efficient and confident annotation of LC-MS metabolomics data through MS1 Spectrum and time prediction. Analytical chemistry.
COMMENT: CONFIDENCE Pure standard
CH$NAME: 11-deoxy Prostaglandin F2-alpha
CH$COMPOUND_CLASS: NA
CH$FORMULA: C20H34O4
CH$EXACT_MASS: 338.24571
CH$SMILES: O[C@@H]1[C@H](C/C=C\CCCC(O)=O)[C@@H](/C=C/[C@@H](O)CCCCC)CC1
CH$IUPAC: InChI=1S/C20H34O4/c1-2-3-6-9-17(21)14-12-16-13-15-19(22)18(16)10-7-4-5-8-11-20(23)24/h4,7,12,14,16-19,21-22H,2-3,5-6,8-11,13,15H2,1H3,(H,23,24)/b7-4-,14-12+/t16-,17-,18+,19-/m0/s1
CH$LINK: INCHIKEY YRFLKMLJQWGIIZ-APRRXLQMSA-N
AC$INSTRUMENT: waters xevo g2 TOF
AC$INSTRUMENT_TYPE: ESI-TOF
AC$MASS_SPECTROMETRY: MS_TYPE MS2
AC$MASS_SPECTROMETRY: ION_MODE POSITIVE
AC$MASS_SPECTROMETRY: IONIZATION ESI
AC$MASS_SPECTROMETRY: COLLISION_ENERGY 0.6458333
AC$CHROMATOGRAPHY: COLUMN_NAME Acquity CSHC18
AC$CHROMATOGRAPHY: RETENTION_TIME 4.013 min
MS$FOCUSED_ION: BASE_PEAK 339.25371
MS$FOCUSED_ION: PRECURSOR_M/Z 339.25371
MS$FOCUSED_ION: PRECURSOR_TYPE [M+H]+
MS$DATA_PROCESSING: RECALIBRATE loess on assigned fragments and MS1
MS$DATA_PROCESSING: REANALYZE Peaks with additional N2/O included
MS$DATA_PROCESSING: WHOLE RMassBank 3.7.1
PK$SPLASH: splash10-0o73-0429001100-c72da9f5a994a393796d
PK$NUM_PEAK: 131
PK$PEAK: m/z int. rel.int.
  93.0708 8852 132
  119.0865 21152 316
  121.1009 4050 60
  131.0862 37529 561
  132.0909 4426 66
  133.1023 10916 163
  147.1185 4988 74
  149.1327 1525 22
  156.0897 918 13
  157.1014 13438 201
  158.1044 2167 32
  159.1173 21767 325
  163.1467 1318 19
  174.1395 655 9
  175.1477 8215 122
  183.1173 18195 272
  187.1126 37184 556
  191.1448 2650 39
  202.1298 1261 18
  203.1793 96 1
  205.1211 2659 39
  207.1261 96 1
  209.118 1505 22
  211.1477 1923 28
  219.1365 2722 40
  221.1558 96 1
  227.0525 1617 24
  237.1084 96 1
  241.1954 3169 47
  243.2089 8688 129
  244.2139 1394 20
  247.168 1128 16
  257.1889 4013 60
  258.1941 96 1
  267.2107 16532 247
  268.2132 96 1
  285.1891 36208 541
  286.2243 12649 189
  287.2297 96 1
  300.165 96 1
  303.2322 41744 624
  304.2357 6348 94
  305.2263 96 1
  321.2423 96 1
  322.2458 96 1
  323.2492 96 1
  325.1981 1477 22
  327.2496 1786 26
  341.1793 15955 238
  343.2238 40074 599
  344.2217 3468 51
  345.2611 96 1
  355.2394 96 1
  357.1514 23710 354
  358.1534 3058 45
  359.2004 66775 999
  360.1997 11303 169
  361.1911 53780 804
  362.239 24175 361
  363.2406 96 1
  374.1553 23052 344
  375.1454 29577 442
  376.1644 6095 91
  377.1997 16039 239
  378.1838 1137 17
  383.2166 16969 253
  384.2188 2875 43
  393.1699 957 14
  395.1731 4256 63
  411.3246 96 1
  415.3146 96 1
  439.2321 96 1
  455.2161 96 1
  569.434 507 7
  605.4556 7687 115
  606.4587 3034 45
  623.4667 5769 86
  624.4683 2480 37
  625.4689 96 1
  629.4148 2006 30
  641.472 96 1
  642.4825 96 1
  647.4299 1491 22
  663.4483 1689 25
  664.4381 608 9
  665.4295 904 13
  679.4218 17599 263
  680.4231 6437 96
  686.4351 96 1
  690.3883 2436 36
  691.4162 1293 19
  694.3885 3462 51
  695.3909 8601 128
  696.399 3063 45
  697.4242 15528 232
  699.4699 96 1
  700.4783 96 1
  701.475 96 1
  709.4588 597 8
  712.3992 96 1
  713.4093 513 7
  715.4424 44470 665
  716.4471 18899 282
  717.4422 4218 63
  721.4631 96 1
  723.4671 96 1
  726.4239 96 1
  729.4244 96 1
  730.416 96 1
  731.4175 96 1
  732.4218 96 1
  733.4198 96 1
  734.4263 96 1
  735.4141 96 1
  736.4166 96 1
  737.4226 96 1
  753.4047 271 4
  1053.6945 96 1
  1054.6953 96 1
  1055.7018 96 1
  1056.6893 96 1
  1091.6236 1158 17
  1106.5979 96 1
  1107.6236 96 1
  1108.6117 96 1
  1109.6093 1104 16
  1110.6106 589 8
  1112.6106 1581 23
  1113.6131 96 1
  1122.5899 96 1
  1123.5863 501 7
//
