ACCESSION: MSBNK-mFam-MC21_000167
RECORD_TITLE: 8-Methylsulfinyloctyl glucosinolate; LC-ESI-QTOF; MS2; CE: 29.41;  [M-H]-
DATE: 2023.03.22
AUTHORS: Stefanie Döll, Hendrik Treutler
LICENSE: CC BY
PUBLICATION: Döll, S., Farahani-Kofoet, R. D., Zrenner, R., Henze, A. & Witzel, K. (2021) Tissue-specific signatures of metabolites and proteins in asparagus roots and exudates. Horticulture Research.
COMMENT: CONFIDENCE Pure standard
CH$NAME: 8-Methylsulfinyloctyl glucosinolate
CH$COMPOUND_CLASS: NA
CH$FORMULA: C16H31NO10S3
CH$EXACT_MASS: 493.1110
CH$SMILES: CS(=O)CCCCCCCCC(=NOS(=O)(=O)O)SC1C(C(C(C(O1)CO)O)O)O
CH$IUPAC: InChI=1S/C16H31NO10S3/c1-29(22)9-7-5-3-2-4-6-8-12(17-27-30(23,24)25)28-16-15(21)14(20)13(19)11(10-18)26-16/h11,13-16,18-21H,2-10H2,1H3,(H,23,24,25)
CH$LINK: INCHIKEY GPMDJOOLATZDQL-UHFFFAOYSA-N
AC$INSTRUMENT: Bruker MicrOTOF-Q
AC$INSTRUMENT_TYPE: LC-ESI-QTOF
AC$MASS_SPECTROMETRY: MS_TYPE MS2
AC$MASS_SPECTROMETRY: ION_MODE NEGATIVE
AC$MASS_SPECTROMETRY: IONIZATION ESI
AC$MASS_SPECTROMETRY: COLLISION_ENERGY 29.41
AC$CHROMATOGRAPHY: COLUMN_NAME Acquity CSHC18
AC$CHROMATOGRAPHY: RETENTION_TIME NA
MS$FOCUSED_ION: BASE_PEAK 492.1037
MS$FOCUSED_ION: PRECURSOR_M/Z 492.1037
MS$FOCUSED_ION: PRECURSOR_TYPE [M-H]-
MS$DATA_PROCESSING: RECALIBRATE loess on assigned fragments and MS1
MS$DATA_PROCESSING: REANALYZE Peaks with additional N2/O included
MS$DATA_PROCESSING: WHOLE RMassBank 3.7.1
PK$SPLASH: splash10-004i-1291400000-716f7a7b4d010bca0bff
PK$NUM_PEAK: 240
PK$PEAK: m/z int. rel.int.
  44.8037 41012000 3
  45.3136 37339745.3 3
  46.2508 40630061 3
  47.0249 40593104 3
  48.3949 38422813.3 3
  49.696 52740960.8 4
  51.054 33669594 2
  53.3749 34491270.7 2
  54.9761 22636422 1
  55.6272 33534244 2
  58.0587 35446283.5 2
  61.5041 37621952 3
  63.158 33870225 2
  64.8899 35500441.1 2
  66.6829 47986722 4
  67.4157 21625056 1
  68.2397 36793444 3
  68.9929 47873404 4
  69.9567 21494064 1
  70.7899 38642760 3
  71.2079 41410988 3
  72.1413 25052718 2
  73.1435 51569002 4
  73.9689 44425996 3
  74.587 51449200 4
  75.1545 37999714.7 3
  77.3081 37434718.9 3
  79.1508 114476569.7 9
  80.7804 44135382 3
  82.1617 57820978.7 4
  84.3473 41865451 3
  85.1699 25810468 2
  87.266 40449542.7 3
  87.9088 38129540 3
  89.792 29212864 2
  92.1705 28215857.6 2
  93.3127 27130566 2
  94.5684 24886052 2
  96.2846 7376218641.8 621
  98.9138 496881804.4 41
  100.9744 85353396.8 7
  101.7667 59846544 5
  102.8812 20734496 1
  104.4502 30428940 2
  105.8265 69755142 5
  107.0152 21981356 1
  109.9218 21756640 1
  111.4599 25550336 2
  111.9304 1391419140 117
  113.1958 146856550 12
  113.9249 144576640 12
  116.368 53085028 4
  117.025 30067236 2
  118.5467 28907876 2
  119.0026 241721944 20
  120.0403 292785918 24
  121.0104 21864402 1
  121.8885 48786636 4
  122.9702 47205928 3
  125.027 20899754 1
  127.7875 995751956 83
  128.5205 35512464 2
  128.9816 551426398 46
  129.9382 62530995 5
  131.0818 92729170.7 7
  133.4813 37553048 3
  134.9682 67330432 5
  135.5227 37407164 3
  135.9708 2386593790 200
  137.069 54351372 4
  137.7024 45239652 3
  138.1665 27572924 2
  138.9716 3261644540 274
  140.0417 57820114 4
  140.9705 175563168 14
  142.0173 31517206 2
  143.0278 24825660 2
  143.9877 110503024 9
  145.2988 291741911.3 24
  146.0552 137557424 11
  147.0333 49850192 4
  147.5427 29118284 2
  148.7776 23079144 1
  151.084 62519598 5
  153.0753 32829824 2
  153.8862 34029556 2
  154.3906 12435468 1
  155.948 42008672 3
  157.1904 27642716 2
  158.066 61465712 5
  160.9802 97648136 8
  162.0175 68610860 5
  163.1206 320253369 26
  164.0325 92482882 7
  164.602 31237484 2
  165.059 27888472 2
  166.2355 29293216 2
  166.9607 135305104 11
  168.957 1307523200 110
  169.5242 31044620 2
  169.9628 92701712 7
  171.0298 298272495 25
  172.0691 47138238 3
  173.6984 32781140 2
  174.1809 14249112 1
  174.9568 22556444 1
  177.0083 131127248 11
  177.8279 413532733 34
  179.0411 245023840 20
  180.0355 82739072 6
  182.9671 251028592 21
  183.4546 17549892 1
  183.9658 51632504 4
  185.0047 36760022 3
  186.0321 2107073056 177
  187.0983 330438432 27
  188.296 78216464 6
  190.0563 282582016 23
  190.8216 54464216 4
  192.0346 440237952 37
  193.0037 81686256 6
  194.2775 36130824 3
  195.1466 1407644786 118
  195.9761 859394370 72
  197.0308 182301648 15
  199.0521 363304851 30
  201.5211 42140392 3
  202.0903 1856241540 156
  203.0981 87049328 7
  204.0867 98236216 8
  205.0552 1934861700 162
  205.8945 2116843665.3 178
  207.2398 852395280 71
  208.0498 425677312 35
  209.1546 45858010.7 3
  210.0987 171272848 14
  211.2125 69552542 5
  214.3925 28708648 2
  217.0749 243675840 20
  218.186 627067265 52
  219.0738 28849142.7 2
  219.9541 283993423 23
  223.0281 72337584 6
  226.9807 530567280 44
  228.0682 154023424 12
  229.0231 86474904 7
  231.2485 35062516 2
  232.0654 1519372160 127
  234.4539 8572741177.9 721
  236.7416 260386593.6 21
  237.7873 739006280.5 62
  238.8305 334626266.7 28
  240.1158 126591678 10
  241.1517 1430982531 120
  242.0049 192581088 16
  242.9978 123984832 10
  248.0569 139452944 11
  250.0924 5844051500 492
  250.6761 37983656 3
  251.0941 805577600 67
  252.1868 135749284 11
  254.0927 224444888 18
  255.0233 15623556 1
  256.9844 161865584 13
  257.729 44878760 3
  259.1151 6481838044 545
  260.0169 2157829890 181
  261.0125 1395923330 117
  262.0162 154300400 12
  264.0356 95070288 8
  265.5657 32770180 2
  266.053 8665292800 729
  266.5926 43687096 3
  267.0545 1254505090 105
  267.864 536920600 45
  269.0458 88381312 7
  270.0831 42882108 3
  273.7349 27695802 2
  274.5108 51462756 4
  275.1801 10872960482 915
  275.9934 1696412420 142
  276.9881 2411566080 203
  277.9871 159807136 13
  281.0392 861945410 72
  282.0509 1230048130 103
  283.0458 133787008 11
  284.0229 854964740 71
  285.0303 179339456 15
  286.0212 143374464 12
  290.9834 1123688830 94
  291.9817 89317808 7
  296.0219 230152890 19
  297.0682 26080680 2
  298.2935 22660832 1
  299.046 3768235260 317
  300.0503 592130180 49
  301.0411 553025660 46
  306.0935 83603176 7
  314.0709 174974464 14
  320.106 30081452 2
  324.0806 40407668 3
  331.0127 191477536 16
  344.0093 928353280 78
  345.0136 98958592 8
  346.009 109268720 9
  348.1466 627678850 52
  358.0275 828119740 69
  359.0284 194875344 16
  372.0427 658153090 55
  374.048 88161784 7
  380.1253 20702860 1
  386.0581 3521385730 296
  387.0578 461742080 38
  388.0517 478618208 40
  397.1238 191637248 16
  398.119 58851740 4
  399.1152 81719664 6
  400.0759 1451632260 122
  401.0803 255518672 21
  403.0746 57812784 4
  412.1508 20518380 1
  414.0967 94960032 7
  426.5236 42055200 3
  427.6667 15382764 1
  428.2752 9690415322 816
  429.1082 3617648900 304
  430.1024 2411204610 203
  431.1069 351285056 29
  432.1106 92538864 7
  460.0755 598142020 50
  461.0725 34649016 2
  462.0726 91496192 7
  477.0806 11862949900 999
  477.9643 1229438330 103
  479.0784 2027793540 170
  480.0778 499090272 42
  492.1048 1097082110 92
  493.1028 180076272 15
  494.1157 30256968 2
  495.1098 70729016 5
//
