ACCESSION: MSBNK-mFam-MC06_000021
RECORD_TITLE: Procyanidin dimer A2; LC-ESI-QFT; MS2; CE: NCE_15_30_60;  [M-H]-
DATE: 2023.02.08
AUTHORS: Josep Valls Fonayet,Université de Bordeaux,INRAE, UMR1332 BFP, 33882 Villenave d'Ornon, France
LICENSE: CC BY
PUBLICATION: NA
COMMENT: CONFIDENCE Pure standard
CH$NAME: Procyanidin dimer A2
CH$COMPOUND_CLASS: NA
CH$FORMULA: C30H24O12
CH$EXACT_MASS: 576.1268
CH$SMILES: C1C(C(OC2=C1C(=CC3=C2C4C(C(O3)(OC5=CC(=CC(=C45)O)O)C6=CC(=C(C=C6)O)O)O)O)C7=CC(=C(C=C7)O)O)O
CH$IUPAC: InChI=1S/C30H24O12/c31-13-7-20(37)24-22(8-13)41-30(12-2-4-16(33)19(36)6-12)29(39)26(24)25-23(42-30)10-17(34)14-9-21(38)27(40-28(14)25)11-1-3-15(32)18(35)5-11/h1-8,10,21,26-27,29,31-39H,9H2
CH$LINK: INCHIKEY NSEWTSAADLNHNH-UHFFFAOYSA-N
AC$INSTRUMENT: Thermo_Qexactive_Plus
AC$INSTRUMENT_TYPE: LC-ESI-QFT
AC$MASS_SPECTROMETRY: MS_TYPE MS2
AC$MASS_SPECTROMETRY: ION_MODE NEGATIVE
AC$MASS_SPECTROMETRY: IONIZATION ESI
AC$MASS_SPECTROMETRY: COLLISION_ENERGY NCE_15_30_60
AC$CHROMATOGRAPHY: COLUMN_NAME Acquity CSHC18
AC$CHROMATOGRAPHY: RETENTION_TIME 4.646 min
MS$FOCUSED_ION: BASE_PEAK 575.1208
MS$FOCUSED_ION: PRECURSOR_M/Z 575.1208
MS$FOCUSED_ION: PRECURSOR_TYPE [M-H]-
MS$FOCUSED_ION: PRECURSOR_INTENSITY 194573300
MS$DATA_PROCESSING: RECALIBRATE loess on assigned fragments and MS1
MS$DATA_PROCESSING: REANALYZE Peaks with additional N2/O included
MS$DATA_PROCESSING: WHOLE RMassBank 3.7.1
PK$SPLASH: splash10-056r-0122690000-9be6fea9f98a3ae40c9f
PK$NUM_PEAK: 142
PK$PEAK: m/z int. rel.int.
  57.033 21531.8 6
  70.8224 21741.4 6
  76.94 22459 7
  83.0294 24293.6 7
  87.4815 24449.8 7
  93.0324 24669 7
  94.3671 24698.4 7
  97.0284 26225.3 8
  109.0285 26756.4 8
  121.0289 28070.8 8
  122.0365 28801.8 8
  123.0439 28834.8 9
  125.0236 30813.1 9
  126.0267 31078.6 9
  135.0438 31368.2 9
  137.0235 31461.5 9
  139.0391 31669.8 9
  147.0237 32220.4 10
  149.0232 32558 10
  151.0241 32864.9 10
  159.0449 32903.7 10
  160.0158 32931.5 10
  161.0375 33118.4 10
  162.0294 33124.6 10
  163.0156 34089.9 10
  164.0115 34132.9 10
  165.0202 34459.8 10
  167.0341 35833.8 11
  175.0398 36303.5 11
  176.0097 36615.7 11
  177.0178 36653 11
  179.0343 36687.3 11
  182.0565 37173.8 11
  185.0616 37227 11
  187.0401 37310.2 11
  188.0475 37599.9 11
  189.0381 38490 12
  190.0258 38496.5 12
  197.0604 38690.9 12
  199.0402 39059.6 12
  201.0346 39545.3 12
  202.0602 39551.7 12
  203.0389 41075.9 12
  204.0237 41180.7 12
  205.0335 41519.6 12
  213.0546 41617.3 12
  215.0498 41818.9 13
  217.0348 42321 13
  218.0383 42605.5 13
  219.048 42992.9 13
  225.0544 43089.9 13
  227.0508 43552 13
  229.0506 43683.1 13
  231.0296 43750.8 13
  241.0502 44049.8 13
  242.036 45669 14
  243.0471 45831 14
  244.0363 46051.1 14
  245.0656 46106.5 14
  246.0684 46588.9 14
  247.0599 47176.2 14
  253.0509 47679 14
  255.0479 47711.3 14
  256.0381 48511.7 15
  257.0594 48894.7 15
  258.0511 49449.8 15
  259.0478 49580.1 15
  265.0495 51752.7 16
  267.0313 51762 16
  269.0454 52131.1 16
  271.0431 52564.1 16
  272.032 53095.2 16
  273.0421 53706 16
  281.0552 54254.4 16
  282.0546 55866.5 17
  283.0434 55964.5 17
  284.0318 56322.7 17
  285.0415 56389.6 17
  286.0479 56430.1 17
  287.0488 56669.8 17
  288.0641 59958.6 18
  289.0733 61670.8 19
  290.0755 65657 20
  297.041 66097.4 20
  298.0477 67559.4 21
  299.0557 69730.8 21
  300.0269 70893.9 22
  301.0523 71879.1 22
  307.0593 73087.2 22
  308.0489 73790.9 23
  309.0406 74238 23
  313.0553 74400.6 23
  319.0612 75832.4 23
  320.0691 80507.2 25
  321.0762 81316.6 25
  325.0361 83644.3 26
  326.0457 84716.8 26
  327.0549 90524 28
  328.0557 97627.6 30
  339.0704 100971.1 31
  347.0553 102346.6 31
  361.071 103890.1 32
  363.0871 107896.8 33
  365.0669 108208.4 33
  375.0524 110900.5 34
  379.0839 112064 34
  381.0976 112394.1 35
  387.0515 115159.6 35
  388.0612 123062.3 38
  389.0674 131130.8 40
  403.0832 141247.3 44
  405.1019 141555.1 44
  407.0772 141872.3 44
  408.082 144688.1 45
  409.0908 148744.2 46
  411.0725 158330.5 49
  413.0712 162018.1 50
  415.0451 163164.5 50
  421.0935 164059.9 51
  423.0719 174519 54
  424.0763 187589.4 58
  431.0782 190400.3 59
  434.0606 218911.6 68
  435.0711 224501.3 70
  436.0748 241438.6 75
  437.0914 242670.8 75
  447.0741 246223.6 76
  448.0768 259437.3 81
  449.0814 270005.4 84
  450.0866 281937.9 88
  452.0754 290684.9 90
  453.0849 299112.7 93
  454.0878 321100.6 100
  471.1094 341861.5 106
  472.1143 395300.7 123
  495.111 454483 141
  513.1165 462269.3 144
  531.1286 620011.9 193
  539.1068 1001141.7 312
  540.1004 1198161.9 374
  557.1073 1748765.7 546
  575.1232 3198908.5 999
//
