ACCESSION: MSBNK-mFam-MC02_000684
RECORD_TITLE: Sorbitol; ESI-TOF; MS2; CE: 0.6458333;  [M+H]+
DATE: 2023.03.06
AUTHORS: C. Broeckling, Colorado State University Proteomics and Metabolomics Facility
LICENSE: CC BY
PUBLICATION: Broeckling CD;Ganna A;Layer M;Brown K;Sutton B;Ingelsson E;Peers G;Prenni JE; (n.d.). Enabling efficient and confident annotation of LC-MS metabolomics data through MS1 Spectrum and time prediction. Analytical chemistry.
COMMENT: CONFIDENCE Pure standard
CH$NAME: Sorbitol
CH$COMPOUND_CLASS: NA
CH$FORMULA: C6H14O6
CH$EXACT_MASS: 182.07904
CH$SMILES: OCC(O)C(O)C(O)C(O)CO
CH$IUPAC: InChI=1S/C6H14O6/c7-1-3(9)5(11)6(12)4(10)2-8/h3-12H,1-2H2
CH$LINK: INCHIKEY FBPFZTCFMRRESA-UHFFFAOYSA-N
AC$INSTRUMENT: waters xevo g2 TOF
AC$INSTRUMENT_TYPE: ESI-TOF
AC$MASS_SPECTROMETRY: MS_TYPE MS2
AC$MASS_SPECTROMETRY: ION_MODE POSITIVE
AC$MASS_SPECTROMETRY: IONIZATION ESI
AC$MASS_SPECTROMETRY: COLLISION_ENERGY 0.6458333
AC$CHROMATOGRAPHY: COLUMN_NAME Acquity CSHC18
AC$CHROMATOGRAPHY: RETENTION_TIME 0.560 min
MS$FOCUSED_ION: BASE_PEAK 183.08704
MS$FOCUSED_ION: PRECURSOR_M/Z 183.08704
MS$FOCUSED_ION: PRECURSOR_TYPE [M+H]+
MS$DATA_PROCESSING: RECALIBRATE loess on assigned fragments and MS1
MS$DATA_PROCESSING: REANALYZE Peaks with additional N2/O included
MS$DATA_PROCESSING: WHOLE RMassBank 3.7.1
PK$SPLASH: splash10-0g4i-2961200000-3369e200dc48ce566929
PK$NUM_PEAK: 129
PK$PEAK: m/z int. rel.int.
  69.0348 22035 314
  70.038 777 11
  71.0495 105 1
  73.0295 2717 38
  83.0501 11877 169
  84.0531 105 1
  85.0296 18259 260
  87.0453 2559 36
  89.0085 2260 32
  98.0136 2087 29
  99.045 3946 56
  101.0606 105 1
  102.0161 10310 147
  103.0503 574.5 8
  111.0448 22919 327
  112.0348 715 10
  113.0252 3927.5 56
  114.9715 12348 176
  115.9586 4664 66
  120.0265 24798 353
  124.9573 5187 74
  127.0409 105 1
  129.0532 8824 125
  130.0585 105 1
  131.0595 105 1
  131.5345 105 1
  132.027 3289 46
  137.9882 652 9
  141.0319 5231 74
  143.0072 1417 20
  143.9514 6380 91
  147.0637 6424 91
  148.0696 105 1
  154.0443 1360 19
  156.0376 20408 291
  156.5389 1338 19
  158.9968 6877 98
  162.9711 1058 15
  164.0228 105 1
  172.862 2047 29
  173.9617 70013 999
  174.9691 9394 134
  183.0872 3006 42
  184.0908 105 1
  188.094 105 1
  189.0951 10706 152
  193.0563 105 1
  194.0773 105 1
  194.5736 105 1
  195.0723 105 1
  195.9764 1627 23
  199.9773 50455 719
  201.0427 105 1
  202.2675 14079 200
  203.0623 105 1
  204.058 105 1
  205.0687 18344 261
  206.0302 4744 67
  207.0737 105 1
  209.0497 105 1
  209.5493 105 1
  210.0473 105 1
  210.5482 105 1
  211.0477 105 1
  211.5495 105 1
  212.0706 105 1
  212.5482 105 1
  213.0442 105 1
  221.0338 12678 180
  224.9886 2259 32
  230.448 3064 43
  233.0126 1604 22
  235.0105 1539 21
  235.9994 17920 255
  237.0064 45796 653
  237.5086 105 1
  239.0075 6259 89
  246.0188 105 1
  252.0127 2777 39
  253.0507 105 1
  254.0092 67748 966
  255.0115 3579 51
  268.0246 5944 84
  269.0293 105 1
  277.0253 105 1
  280.0249 4220 60
  282.0037 105 1
  283.0491 747.5 10
  285.0126 105 1
  291.0756 105 1
  292.0252 8405 119
  293.0929 105 1
  294.03 105 1
  296.0198 105 1
  297.0261 105 1
  304.0231 105 1
  309.0275 1573 22
  319.5595 105 1
  320.0378 2252 32
  322.0352 24818 354
  323.0375 1941 27
  331.9844 105 1
  342.0596 105 1
  346.9524 2490 35
  348.9522 105 1
  350.9461 6354 90
  354.5017 105 1
  355.0028 105 1
  364.1131 105 1
  368.124 105 1
  389.1237 17797 253
  390.127 105 1
  391.1273 105 1
  398.0523 3133 44
  399.0569 776 11
  403.1121 13020 185
  404.9586 738 10
  414.083 105 1
  416.0836 105 1
  417.0881 105 1
  418.0773 25246 360
  419.0836 28978 413
  420.0841 105 1
  421.0852 4827 68
  442.0344 105 1
  470.9904 105 1
  471.9972 949 13
  503.0444 105 1
  580.1279 105 1
//
