ACCESSION: MSBNK-mFam-MC11_000228
RECORD_TITLE: 4'-Methyleriodictyol; LC-ESI-QTOF; MS2; CE: 50eV;  [M-H]-
DATE: 2023.04.05
AUTHORS: Jörg Ziegler, Leibniz-Institute of Plant Biochemistry, Halle, Germany
LICENSE: CC BY
PUBLICATION: NA
COMMENT: CONFIDENCE Pure standard
CH$NAME: 4'-Methyleriodictyol
CH$COMPOUND_CLASS: Flavanone
CH$FORMULA: C16H14O6
CH$EXACT_MASS: 302.0790
CH$SMILES: COC1=C(C=C(C=C1)C2CC(=O)C3=C(C=C(C=C3O2)O)O)O
CH$IUPAC: InChI=1S/C16H14O6/c1-21-13-3-2-8(4-10(13)18)14-7-12(20)16-11(19)5-9(17)6-15(16)22-14/h2-6,14,17-19H,7H2,1H3
CH$LINK: INCHIKEY AIONOLUJZLIMTK-UHFFFAOYSA-N
AC$INSTRUMENT: TIMS-TOF Pro, Bruker Daltonik; Elute UHPLC System, Bruker Daltonik
AC$INSTRUMENT_TYPE: LC-ESI-QTOF
AC$MASS_SPECTROMETRY: MS_TYPE MS2
AC$MASS_SPECTROMETRY: ION_MODE NEGATIVE
AC$MASS_SPECTROMETRY: IONIZATION ESI
AC$MASS_SPECTROMETRY: COLLISION_ENERGY 50eV
AC$CHROMATOGRAPHY: COLUMN_NAME Acquity CSHC18
AC$CHROMATOGRAPHY: RETENTION_TIME 7.561 min
MS$FOCUSED_ION: BASE_PEAK 301.0667
MS$FOCUSED_ION: PRECURSOR_M/Z 301.0667
MS$FOCUSED_ION: PRECURSOR_TYPE [M-H]-
MS$FOCUSED_ION: PRECURSOR_INTENSITY 599614.9
MS$DATA_PROCESSING: RECALIBRATE loess on assigned fragments and MS1
MS$DATA_PROCESSING: REANALYZE Peaks with additional N2/O included
MS$DATA_PROCESSING: WHOLE RMassBank 3.7.1
PK$SPLASH: splash10-0udi-3839000000-b03fb9edef83694953d8
PK$NUM_PEAK: 177
PK$PEAK: m/z int. rel.int.
  24.2942 213 1
  32.8453 269 2
  39.6816 253 1
  41.0025 2008 15
  43.2766 291 2
  48.0777 211 1
  49.0502 364 2
  55.8241 318 2
  57.0334 837 6
  58.2436 226 1
  61.3501 138 1
  63.0224 4817 37
  64.0264 266 2
  64.3928 344 2
  65.0029 13216 101
  66.0059 1084 8
  66.392 169 1
  68.4583 281 2
  70.3128 213 1
  71.2227 313 2
  75.026 273 2
  80.0245 6744 51
  80.2447 211 1
  80.4977 154 1
  81.0362 331 2
  82.0042 305 2
  83.0125 14047 108
  84.0139 356 2
  85.4246 143 1
  89.001 209 1
  91.0175 135 1
  93.0322 267 2
  94.005 1294 9
  95.012 295 2
  96.0198 889 6
  97.649 144 1
  98.9919 226 1
  101.7484 222 1
  105.0333 183 1
  106.0408 950 7
  106.9585 247 1
  107.8164 269 2
  107.9474 362 2
  108.0195 36696 282
  108.1211 155 1
  108.2588 193 1
  108.4271 142.5 1
  108.9852 289 2
  109.5225 485 3
  110.0263 190 1
  111.006 188 1
  112.1936 156 1
  113.5236 359 2
  117.5451 273 2
  119.9212 237 1
  121.0288 1031 7
  122.0056 276 2
  123.0073 290 2
  124.0149 1463 11
  125.023 2593 19
  126.0229 159 1
  127.5319 187 1
  129.032 502 3
  130.0387 247 1
  131.6764 224 1
  133.0278 2661 20
  133.9222 287 2
  134.0354 10023 77
  134.9826 212 1
  135.0431 10050 77
  135.2062 226 1
  136.0316 4898 37
  136.2275 153 1
  136.3306 225 1
  136.8373 162 1
  137.0181 594 4
  138.8588 179 1
  140.8297 179 1
  142.3851 341 2
  144.021 343 2
  145.0256 352 2
  146.0337 399 3
  147.405 380 2
  148.9058 320 2
  149.742 278 2
  150.1745 227 1
  150.8109 399 3
  151.0007 12763 98
  151.274 276 2
  152.008 654 5
  152.4165 286 2
  153.1415 146 1
  154.0384 274 2
  156.0192 292 2
  157.0273 239 1
  158.0345 1296 9
  158.8403 190 1
  160.0169 385 2
  161.0197 459 3
  163.0006 294 2
  163.5062 310 2
  164.0086 17247 132
  164.6089 180 1
  165.0117 672 5
  167.0372 216 1
  169.0198 328 2
  171.0408 314 2
  172.0486 283 2
  173.0593 477 3
  174.0252 170 1
  175.0375 826 6
  176.0465 715 5
  177.0165 863 6
  180.6071 381 2
  185.0221 549 4
  187.0372 285 2
  187.6479 192 1
  188.9093 237 1
  191.0674 364 2
  192.8456 271 2
  196.3427 214 1
  197.057 240 1
  198.0276 305 2
  199.0385 2065 15
  200.043 2127 16
  201.0165 2238 17
  201.5108 159 1
  202.0192 426 3
  211.8579 133 1
  214.0599 1084 8
  215.0496 1143 8
  216.0392 1650 12
  217.0485 1048 8
  223.0359 156 1
  224.0449 622 4
  226.0578 146 1
  227.0308 773 5
  230.058 451 3
  231.7808 161 1
  233.074 774 5
  240.0386 1077 8
  241.0461 1480 11
  241.8546 167 1
  242.0533 7846 60
  242.2447 209 1
  243.0576 975 7
  244.032 432 3
  247.701 282 2
  255.063 300 2
  257.041 315 2
  257.6101 178 1
  258.0507 3835 29
  258.2255 130 1
  259.0521 653 5
  260.053 141 1
  268.0336 571 4
  269.0387 386 2
  271.0182 172 1
  283.0582 1733 13
  284.0591 599 4
  285.0353 1354 10
  286.0144 10255 79
  286.2237 158 1
  286.3491 133 1
  286.4585 180 1
  286.632 262 2
  286.7895 138 1
  287.0459 5091 39
  287.2891 159 1
  287.7008 135 1
  288.0512 324 2
  288.3778 143 1
  300.8343 169 1
  300.9847 316 2
  301.0667 129567 999
  301.3988 311.8 2
  301.5567 1002 7
//
