ACCESSION: MSBNK-mFam-MC02_000732
RECORD_TITLE: Quercetin; ESI-TOF; MS2; CE: 0.6458333;  [M+H]+
DATE: 2023.03.06
AUTHORS: C. Broeckling, Colorado State University Proteomics and Metabolomics Facility
LICENSE: CC BY
PUBLICATION: Broeckling CD;Ganna A;Layer M;Brown K;Sutton B;Ingelsson E;Peers G;Prenni JE; (n.d.). Enabling efficient and confident annotation of LC-MS metabolomics data through MS1 Spectrum and time prediction. Analytical chemistry.
COMMENT: CONFIDENCE Pure standard
CH$NAME: Quercetin
CH$COMPOUND_CLASS: NA
CH$FORMULA: C15H10O7
CH$EXACT_MASS: 302.04265
CH$SMILES: OC1=CC(O)=C2C(=O)C(O)=C(OC2=C1)C1=CC(O)=C(O)C=C1
CH$IUPAC: InChI=1S/C15H10O7/c16-7-4-10(19)12-11(5-7)22-15(14(21)13(12)20)6-1-2-8(17)9(18)3-6/h1-5,16-19,21H
CH$LINK: INCHIKEY REFJWTPEDVJJIY-UHFFFAOYSA-N
AC$INSTRUMENT: waters xevo g2 TOF
AC$INSTRUMENT_TYPE: ESI-TOF
AC$MASS_SPECTROMETRY: MS_TYPE MS2
AC$MASS_SPECTROMETRY: ION_MODE POSITIVE
AC$MASS_SPECTROMETRY: IONIZATION ESI
AC$MASS_SPECTROMETRY: COLLISION_ENERGY 0.6458333
AC$CHROMATOGRAPHY: COLUMN_NAME Acquity CSHC18
AC$CHROMATOGRAPHY: RETENTION_TIME 2.700 min
MS$FOCUSED_ION: BASE_PEAK 303.05065
MS$FOCUSED_ION: PRECURSOR_M/Z 303.05065
MS$FOCUSED_ION: PRECURSOR_TYPE [M+H]+
MS$DATA_PROCESSING: RECALIBRATE loess on assigned fragments and MS1
MS$DATA_PROCESSING: REANALYZE Peaks with additional N2/O included
MS$DATA_PROCESSING: WHOLE RMassBank 3.7.1
PK$SPLASH: splash10-0fk9-0593001000-ae8f81555f885e191004
PK$NUM_PEAK: 128
PK$PEAK: m/z int. rel.int.
  68.9979 37863 24
  75.045 18393 11
  107.0141 6651 4
  109.029 83965 54
  111.0086 8913 5
  112.0117 2741 1
  115.0549 4201 2
  119.0126 5474 3
  121.0087 76067 49
  123.0796 5014.5 3
  131.0498 16143 10
  133.0657 4632 3
  135.0088 43609 28
  137.0238 587753 382
  138.0273 44389 28
  143.0689 15320 9
  145.0651 5172 3
  147.0441 26642 17
  149.0236 53040 34
  150.0289 3647 2
  153.0186 341206 222
  154.0223 29661 19
  155.0781 5643.5 3
  156.0253 3673 2
  159.0451 19021 12
  161.0605 49068 31
  163.0578 30911.5 20
  165.019 309223 201
  169.0498 1558 1
  171.0443 62394 40
  172.0476 4523 2
  173.0702 24178 15
  175.0255 4062 2
  176.0446 7971 5
  177.0546 20368 13
  181.0133 40107 26
  183.0655 22791 14
  187.0396 36417 23
  189.0551 4931 3
  191.2257 9577 6
  193.0503 15092 9
  195.029 46550 30
  199.0395 47798 31
  201.0543 135133 87
  202.0592 15973 10
  203.0347 64144 41
  204.0058 4553.5 2
  215.034 9971 6
  216.038 7157 4
  217.049 109697 71
  218.0537 1953 1
  218.961 5084 3
  221.0424 1745 1
  223.0247 19341 12
  227.0444 222642 144
  228.0398 5748 3
  229.0496 30657 19
  230.053 3760 2
  231.0299 18188 11
  233.0792 2818 1
  239.0353 16761 10
  241.0502 3661 2
  243.0295 2112 1
  244.0361 6540 4
  245.0448 262453 170
  246.0481 48384 31
  247.0593 98992 64
  255.0743 98182 63
  256.0346 56866 37
  257.0448 323588 210
  258.0486 27238 17
  259.0577 10536 6
  271.024 10062 6
  273.0758 1535353 999
  274.106 269159 175
  275.0518 107481 69
  283.0235 47595 30
  285.0394 144938 94
  286.0439 19432 12
  287.0549 15504 10
  293.0234 3484 2
  301.0344 179507 116
  302.0392 10513 6
  303.5294 646554.3 420
  305.056 104867 68
  306.0586 10649 6
  307.0216 4956 3
  323.0173 8020 5
  329.1012 3434.5 2
  331.0454 3574.5 2
  333.0612 20026 13
  336.0245 6983 4
  337.9849 8373 5
  338.5232 3751 2
  339.0267 12640.5 8
  339.974 9173 5
  347.0206 2927.5 1
  353.0283 4019 2
  355.0431 101097 65
  356.0038 6162 4
  357.9766 6613 4
  363.0716 9924 6
  371.1027 6617 4
  373.0536 21877 14
  385.0986 10805 7
  387.069 37148 24
  388.0309 4214.5 2
  397.9902 2049 1
  399.0318 20040 13
  400.0347 4715 3
  491.978 6142 3
  518.9853 2711 1
  571.0505 1966 1
  603.0771 16285 10
  627.997 6886 4
  629.0504 16702 10
  639.0092 27020 17
  641.0308 4656 3
  655.9976 18617 12
  658.0049 268322 174
  659.0092 68886 44
  660.0106 13977 9
  674.0003 3905 2
  687.0472 2815.7 1
  688.0159 21967 14
  689.0182 9215 5
  958.0347 5492 3
  974.0319 1918 1
//
