ACCESSION: MSBNK-mFam-MC02_000697
RECORD_TITLE: Homovanillic acid; ESI-TOF; MS2; CE: 6.0000000;  [M+H]+
DATE: 2023.03.06
AUTHORS: C. Broeckling, Colorado State University Proteomics and Metabolomics Facility
LICENSE: CC BY
PUBLICATION: Broeckling CD;Ganna A;Layer M;Brown K;Sutton B;Ingelsson E;Peers G;Prenni JE; (n.d.). Enabling efficient and confident annotation of LC-MS metabolomics data through MS1 Spectrum and time prediction. Analytical chemistry.
COMMENT: CONFIDENCE Pure standard
CH$NAME: Homovanillic acid
CH$COMPOUND_CLASS: NA
CH$FORMULA: C9H10O4
CH$EXACT_MASS: 182.05791
CH$SMILES: COC1=CC(CC(O)=O)=CC=C1O
CH$IUPAC: InChI=1S/C9H10O4/c1-13-8-4-6(5-9(11)12)2-3-7(8)10/h2-4,10H,5H2,1H3,(H,11,12)
CH$LINK: INCHIKEY QRMZSPFSDQBLIX-UHFFFAOYSA-N
AC$INSTRUMENT: waters xevo g2 TOF
AC$INSTRUMENT_TYPE: ESI-TOF
AC$MASS_SPECTROMETRY: MS_TYPE MS2
AC$MASS_SPECTROMETRY: ION_MODE POSITIVE
AC$MASS_SPECTROMETRY: IONIZATION ESI
AC$MASS_SPECTROMETRY: COLLISION_ENERGY 6.0000000
AC$CHROMATOGRAPHY: COLUMN_NAME Acquity CSHC18
AC$CHROMATOGRAPHY: RETENTION_TIME 2.054 min
MS$FOCUSED_ION: BASE_PEAK 183.06591
MS$FOCUSED_ION: PRECURSOR_M/Z 183.06591
MS$FOCUSED_ION: PRECURSOR_TYPE [M+H]+
MS$DATA_PROCESSING: RECALIBRATE loess on assigned fragments and MS1
MS$DATA_PROCESSING: REANALYZE Peaks with additional N2/O included
MS$DATA_PROCESSING: WHOLE RMassBank 3.7.1
PK$SPLASH: splash10-00kr-0549410000-78a63560d26d91263498
PK$NUM_PEAK: 290
PK$PEAK: m/z int. rel.int.
  107.05 15243 11
  109.0473 20654 15
  114.0142 13488 10
  122.0373 16136 12
  125.0245 26302 20
  126.0261 3566 2
  127.9803 38323 29
  129.0347 6405 4
  135.0449 9356 7
  135.9939 2090 1
  137.108 1292987 999
  138.0641 237657 183
  139.066 40741 31
  149.0241 16850 13
  150.0313 1299 1
  153.0558 19298 14
  157.55 2952 2
  158.0033 5810 4
  159.0424 32773 25
  160.0472 4690 3
  164.0326 4297 3
  166.0582 1650 1
  167.0522 14220.5 10
  168.0656 1711 1
  173.0295 5487.3 4
  179.0372 12031 9
  181.0198 29190.7 22
  182.0128 68380 52
  183.057 23852.5 18
  189.0454 12658.2 9
  191.9878 3210 2
  192.995 8916 6
  197.0217 13438.5 10
  201.0602 1883.5 1
  202.041 379924 293
  202.5419 73651 56
  203.0367 30103 23
  204.04 32701 25
  205.0476 268281 207
  206.0651 12878 9
  208.9903 2813 2
  210.058 3988.3 3
  217.0469 2861 2
  217.9905 7234 5
  221.0129 3599 2
  222.5518 10613 8
  224.0832 1961 1
  233.0148 3211 2
  234.0363 25209 19
  235.0538 45639 35
  236.0274 81150 62
  241.0773 1444.7 1
  253.0617 3755 2
  257.0996 208881 161
  258.058 11332.5 8
  259.0987 8397 6
  262.0406 5321.5 4
  267.0314 11620.7 8
  269.0634 21395 16
  269.5607 11542 8
  271.0968 203161 156
  272.1001 34570 26
  273.1328 67922 52
  277.087 1555 1
  278.0111 21723 16
  281.9828 52476 40
  283.0224 7869 6
  285.0694 8662 6
  287.0915 15805 12
  288.101 1764 1
  291.0532 14729 11
  291.5571 3881 2
  292.0612 98804 76
  292.563 28180 21
  293.0747 20793 16
  295.0608 25099 19
  296.0618 4579 3
  299.045 12175 9
  300.0514 4239.5 3
  301.0712 81888 63
  302.0756 16154 12
  303.0691 5613 4
  307.0688 2704 2
  311.0744 2282 1
  315.0517 49220.3 38
  316.064 21099.5 16
  317.1021 1125488 869
  318.084 78725.7 60
  319.1084 36671 28
  323.0498 7951 6
  325.07 4910 3
  326.0508 2236.5 1
  327.0647 159045.7 122
  328.065 48290.5 37
  331.0668 12556 9
  333.0976 7208 5
  336.0736 3129 2
  337.0744 2803 2
  338.0795 3970 3
  339.0838 148036 114
  340.0889 28130 21
  341.0534 5687.5 4
  345.115 40350.3 31
  346.0995 23194 17
  347.11 21877 16
  355.0768 32246 24
  356.0832 5903 4
  357.0791 34833 26
  359.05 18656.5 14
  359.5807 5320 4
  360.0535 5409 4
  361.0611 34696 26
  362.0995 86352 66
  363.1338 43479 33
  364.109 16768 12
  369.094 26049 20
  370.1024 18558 14
  371.0815 88710.3 68
  372.0718 26238 20
  373.0452 8808.3 6
  374.0474 47699 36
  375.0475 12464 9
  377.0521 12041 9
  379.0516 3986 3
  380.1199 11751.7 9
  381.1037 5398.5 4
  382.0819 40213 31
  382.5835 16715 12
  383.0746 34354 26
  384.0808 34487 26
  385.0895 665759 514
  386.0496 71269 55
  387.0922 40813 31
  388.0232 5332.3 4
  389.0842 11622.5 8
  390.084 3564 2
  399.0493 6896.7 5
  401.0879 27864.5 21
  402.06 6765 5
  403.0508 92195.3 71
  404.0363 15903 12
  405.0749 3104.5 2
  408.0848 5216 4
  409.0875 13523 10
  414.0403 7208 5
  415.1314 46963.7 36
  416.0683 33835.5 26
  417.0301 22084 17
  418.0345 592899 458
  419.0747 229375 177
  420.0408 91816 70
  421.0919 40619.7 31
  422.0405 13448.5 10
  423.0387 17655 13
  424.0405 6775 5
  437.1119 15422.5 11
  438.12 3109.5 2
  441.1295 2234 1
  443.1303 2964 2
  444.2636 2269 1
  445.1095 19925 15
  446.1155 4627 3
  449.1009 6958 5
  449.6022 2038 1
  450.0629 8663 6
  451.13 5450.8 4
  452.114 5796.5 4
  453.0838 44271 34
  454.0875 10169 7
  455.0837 22525 17
  457.0783 5236.5 4
  458.0582 2692 2
  459.0744 8955.3 6
  463.0992 3564 2
  472.1021 9136 7
  472.6073 4353 3
  473.1048 1697 1
  479.1129 7046 5
  482.107 1991 1
  484.1205 15273 11
  485.1045 7817 6
  495.1281 34785 26
  496.1323 8916 6
  497.175 29599.3 22
  498.1478 24852 19
  499.1519 4875 3
  503.3019 2466 1
  507.1274 32071 24
  519.1248 14376 11
  520.1269 5750 4
  521.1401 5720 4
  525.1365 34571 26
  526.2158 6068 4
  527.1444 3331 2
  539.0902 2899 2
  540.1266 5598 4
  541.1286 13133 10
  542.1397 6429 4
  543.1467 12210 9
  549.1395 6719 5
  550.1458 2539 1
  551.1502 20190 15
  552.115 8937.5 6
  554.0861 18775 14
  560.1763 2560 1
  562.1257 3910 3
  563.1232 24357 18
  563.6334 10383 8
  565.1309 66711 51
  566.1338 20121 15
  567.1395 10543 8
  568.1309 2576 1
  570.1362 9232 7
  571.1129 27343.7 21
  572.1418 21840 16
  583.1086 14948 11
  584.0972 10083 7
  585.1395 9488.3 7
  586.1286 16195 12
  589.1238 5296 4
  594.0825 4637 3
  596.0908 25305 19
  597.0782 21456 16
  598.0765 145940 112
  599.0816 95873 74
  600.092 249285 192
  601.093 51024.5 39
  602.126 13190.5 10
  603.1243 4065.7 3
  604.074 1800 1
  631.1735 3063 2
  634.1337 4990 3
  652.1509 1650 1
  653.2105 3845 2
  653.6534 5793 4
  677.1828 5178 4
  678.1927 1996 1
  679.1993 2169 1
  701.1786 3429 2
  705.1823 6988 5
  706.193 2661 2
  707.1928 2705 2
  720.2085 2103 1
  725.2051 4964 3
  729.1622 1739 1
  731.1865 6459 4
  732.1591 2900 2
  733.1625 13312 10
  734.1234 3013 2
  737.1812 1944 1
  743.6731 2762 2
  744.1787 6924 5
  745.1813 6545 5
  747.1827 60585 46
  748.1927 24568 18
  749.1854 14745 11
  750.1463 2210 1
  751.1757 8419 6
  752.1738 3308 2
  763.1535 9943 7
  765.1484 3750 2
  774.1212 2512 1
  775.1187 1830 1
  776.1383 7972 6
  777.1932 22641 17
  778.1635 15794.5 12
  779.1679 11317.5 8
  780.1309 10763 8
  781.1277 9145 7
  782.1287 2676 2
  807.2101 5294 4
  808.212 1852 1
  835.2081 1541 1
  838.0708 1360 1
  849.0683 1783.5 1
  850.0788 1494 1
  913.2473 1904 1
  925.2172 2422 1
  926.2061 1385 1
  927.2383 5330 4
  928.2205 2410 1
  959.1608 2462 1
  960.176 1610 1
  1013.1063 2246 1
  1015.1072 3101 2
  1017.1107 7198 5
  1018.1151 3213 2
  1111.2563 1314 1
  1140.225 5036 3
  1141.2227 4505 3
//
