ACCESSION: MSBNK-mFam-MC21_000209
RECORD_TITLE: Folic acid; LC-ESI-QTOF; MS2; CE: 25.51;  [M-H]-
DATE: 2023.03.23
AUTHORS: Stefanie Doell IPB
LICENSE: CC BY
PUBLICATION: Döll, S., Farahani-Kofoet, R. D., Zrenner, R., Henze, A. & Witzel, K. (2021) Tissue-specific signatures of metabolites and proteins in asparagus roots and exudates. Horticulture Research.
COMMENT: CONFIDENCE Pure standard
CH$NAME: Folic acid
CH$COMPOUND_CLASS: NA
CH$FORMULA: C19H19N7O6
CH$EXACT_MASS: 441.1397
CH$SMILES: C1=CC(=CC=C1C(=O)NC(CCC(=O)O)C(=O)O)NCC2=CN=C3C(=N2)C(=O)N=C(N3)N
CH$IUPAC: InChI=1S/C19H19N7O6/c20-19-25-15-14(17(30)26-19)23-11(8-22-15)7-21-10-3-1-9(2-4-10)16(29)24-12(18(31)32)5-6-13(27)28/h1-4,8,12,21H,5-7H2,(H,24,29)(H,27,28)(H,31,32)(H3,20,22,25,26,30)
CH$LINK: INCHIKEY OVBPIULPVIDEAO-UHFFFAOYSA-N
AC$INSTRUMENT: Bruker MicrOTOF-Q
AC$INSTRUMENT_TYPE: LC-ESI-QTOF
AC$MASS_SPECTROMETRY: MS_TYPE MS2
AC$MASS_SPECTROMETRY: ION_MODE NEGATIVE
AC$MASS_SPECTROMETRY: IONIZATION ESI
AC$MASS_SPECTROMETRY: COLLISION_ENERGY 25.51
AC$CHROMATOGRAPHY: COLUMN_NAME Acquity CSHC18
AC$CHROMATOGRAPHY: RETENTION_TIME NA
MS$FOCUSED_ION: BASE_PEAK 440.1324
MS$FOCUSED_ION: PRECURSOR_M/Z 440.1324
MS$FOCUSED_ION: PRECURSOR_TYPE [M-H]-
MS$DATA_PROCESSING: RECALIBRATE loess on assigned fragments and MS1
MS$DATA_PROCESSING: REANALYZE Peaks with additional N2/O included
MS$DATA_PROCESSING: WHOLE RMassBank 3.7.1
PK$SPLASH: splash10-01r2-0359000000-a060c8368b980a294190
PK$NUM_PEAK: 122
PK$PEAK: m/z int. rel.int.
  102.0568 146.6 3
  106.0399 140.1 3
  117.0451 122.1 2
  119.0364 798.3 17
  120.0262 126.7 2
  128.0355 4381.1 98
  129.0352 182.3 4
  131.0386 189.8 4
  132.0444 8198.2 183
  133.0463 1055.1 23
  135.0559 1634.7 36
  136.0419 2201.4 49
  137.0426 187.7 4
  146.0459 2142.9 48
  147.0541 1309 29
  148.061 594.5 13
  149.0491 115.8 2
  157.0373 195.2 4
  159.0952 201.4 4
  161.0705 328.3 7
  162.0421 3054 68
  163.0438 218.2 4
  174.214 1162.9 26
  175.0502 33168.7 744
  176.0548 6095.8 136
  177.1032 3745.8 84
  178.1038 387 8
  185.072 134.9 3
  193.0648 135.1 3
  197.0832 472.9 10
  198.0747 200.9 4
  201.0659 234.4 5
  203.0821 4889 109
  204.0852 707 15
  207.042 660.9 14
  210.08 103.1 2
  215.0782 141.5 3
  220.0847 4446.5 99
  221.0931 26564.9 595
  222.0933 3853.5 86
  223.0744 601 13
  224.0934 3796.6 85
  225.0871 824.2 18
  226.0765 172.7 3
  233.0929 371.2 8
  237.091 426.3 9
  238.0893 150.4 3
  240.0968 598 13
  241.0822 234.4 5
  247.0716 1519.4 34
  248.0712 208.3 4
  249.0886 449.2 10
  250.0742 1419.3 31
  251.0733 322.1 7
  252.079 185.2 4
  254.0933 147.5 3
  255.1241 205.3 4
  264.0778 522.7 11
  265.0839 6414.4 143
  266.0874 1543.3 34
  267.0997 12621.8 283
  268.0882 6886 154
  269.0841 1322.1 29
  270.0759 223.2 5
  272.1039 318.2 7
  280.115 135.8 3
  281.1131 435.5 9
  282.1341 1632.6 36
  283.1319 364.6 8
  284.1041 1329.2 29
  285.1088 226 5
  286.0971 144.6 3
  290.1066 113.5 2
  291.134 872.8 19
  292.0957 4507.8 101
  293.0795 20365.6 456
  294.0797 4123 92
  295.0846 597.2 13
  299.1124 332.4 7
  301.1285 212.6 4
  306.1112 670.7 15
  307.1246 316.4 7
  308.1155 2508.4 56
  309.1436 3137 70
  309.9971 3443 77
  310.8889 24266.8 544
  312.0923 12351.5 277
  313.0945 1451.1 32
  324.1216 814.9 18
  325.1213 299.5 6
  326.1251 3207.7 71
  327.1221 639.2 14
  328.1365 624.7 14
  334.1423 6075.1 136
  335.1278 8751.6 196
  336.1221 4588.1 102
  337.1228 796.4 17
  338.1268 111.2 2
  350.1343 701.7 15
  351.1256 564.2 12
  352.152 3528.6 79
  353.1368 19519.5 437
  354.1328 5507.9 123
  355.1345 839.2 18
  360.1219 196.8 4
  361.1094 132.9 2
  368.1102 858.1 19
  369.1183 224.2 5
  378.1318 16601.4 372
  379.1318 4141.2 92
  380.1307 606.6 13
  394.1263 240.4 5
  396.1428 44529.7 999
  397.1435 10636.6 238
  398.1441 1561.4 35
  399.144 150.9 3
  422.1202 1928.2 43
  423.1157 876 19
  424.1153 158.5 3
  440.1321 8843.5 198
  441.1352 1991.7 44
  442.1357 327.5 7
//
