ACCESSION: MSBNK-mFam-MC02_000674
RECORD_TITLE: Isoeugenol; ESI-TOF; MS2; CE: 0.6458333;  [M+H]+
DATE: 2023.03.06
AUTHORS: C. Broeckling, Colorado State University Proteomics and Metabolomics Facility
LICENSE: CC BY
PUBLICATION: Broeckling CD;Ganna A;Layer M;Brown K;Sutton B;Ingelsson E;Peers G;Prenni JE; (n.d.). Enabling efficient and confident annotation of LC-MS metabolomics data through MS1 Spectrum and time prediction. Analytical chemistry.
COMMENT: CONFIDENCE Pure standard
CH$NAME: Isoeugenol
CH$COMPOUND_CLASS: NA
CH$FORMULA: C10H12O2
CH$EXACT_MASS: 164.08373
CH$SMILES: COC1=CC(C=CC)=CC=C1O
CH$IUPAC: InChI=1S/C10H12O2/c1-3-4-8-5-6-9(11)10(7-8)12-2/h3-7,11H,1-2H3
CH$LINK: INCHIKEY BJIOGJUNALELMI-UHFFFAOYSA-N
AC$INSTRUMENT: waters xevo g2 TOF
AC$INSTRUMENT_TYPE: ESI-TOF
AC$MASS_SPECTROMETRY: MS_TYPE MS2
AC$MASS_SPECTROMETRY: ION_MODE POSITIVE
AC$MASS_SPECTROMETRY: IONIZATION ESI
AC$MASS_SPECTROMETRY: COLLISION_ENERGY 0.6458333
AC$CHROMATOGRAPHY: COLUMN_NAME Acquity CSHC18
AC$CHROMATOGRAPHY: RETENTION_TIME 3.158 min
MS$FOCUSED_ION: BASE_PEAK 165.09173
MS$FOCUSED_ION: PRECURSOR_M/Z 165.09173
MS$FOCUSED_ION: PRECURSOR_TYPE [M+H]+
MS$DATA_PROCESSING: RECALIBRATE loess on assigned fragments and MS1
MS$DATA_PROCESSING: REANALYZE Peaks with additional N2/O included
MS$DATA_PROCESSING: WHOLE RMassBank 3.7.1
PK$SPLASH: splash10-0k9i-0911100000-64c5958419d2c4da4aab
PK$NUM_PEAK: 272
PK$PEAK: m/z int. rel.int.
  65.0397 8853 10
  66.0475 4146 4
  77.0397 133116 153
  79.0554 151183 174
  81.0716 7218 8
  83.0676 3272 3
  89.0399 1280 1
  91.0552 219365 253
  92.0596 16928 19
  93.0527 14028.5 16
  94.042 77730 89
  95.0501 33562 38
  96.9619 8052 9
  103.0552 381091 440
  104.0614 98091 113
  105.0708 347384 401
  106.0742 31475 36
  107.05 457158 528
  108.0537 37752 43
  109.0656 30322 35
  110.0359 3715 4
  111.0336 12308 14
  112.0185 9243 10
  112.5226 12548 14
  115.0403 124844 144
  116.0612 21994 25
  117.0706 82817 95
  119.0501 90186 104
  120.0567 18690 21
  121.0655 97661 112
  121.5281 10720 12
  123.0619 10834.5 12
  124.0527 17092 19
  127.0552 27965 32
  128.0629 164268 189
  129.0154 18757.5 21
  131.0501 252910 292
  132.0559 64454 74
  133.0282 98626.5 113
  134.0199 9683 11
  135.081 81386 94
  136.0852 6556 7
  137.0606 864447 999
  138.0641 75851 87
  139.0257 3334 3
  141.0704 15729 18
  142.0777 9842 11
  143.0685 278802 322
  144.0567 19017.5 21
  145.0656 157875 182
  145.5168 3243 3
  146.0366 27177.5 31
  147.045 41783 48
  148.0188 35759 41
  150.0333 76334 88
  151.0762 545974 630
  152.0795 49212 56
  154.0374 1075 1
  154.5235 2914 3
  155.0895 120747 139
  156.0746 11436 13
  157.0655 13204 15
  158.0274 8912.5 10
  159.0357 16857.5 19
  160.0887 29412 33
  161.0445 39213.5 45
  162.068 33503 38
  163.0414 256540 296
  164.083 215515 249
  165.0914 122974 142
  166.095 10968 12
  167.0365 3676 4
  169.0426 13511 15
  170.0402 8389 9
  171.0813 389803 450
  172.0857 78532 90
  173.1131 36892 42
  174.0289 13805.5 15
  175.0658 49827.5 57
  175.5466 5019 5
  176.0323 7774 8
  176.5539 14234 16
  177.034 36060 41
  177.543 1840 2
  178.0476 8493 9
  179.0711 4122 4
  181.0772 2289 2
  183.5587 1026 1
  185.0803 2428 2
  185.5592 8579 9
  186.0346 272117 314
  187.0072 111473 128
  188.0497 507351.5 586
  189.0552 104880.5 121
  190.0953 13198 15
  191.0761 10106 11
  192.0549 5958.5 6
  193.0874 45360.5 52
  194.1025 2894.7 3
  195.072 12391.5 14
  196.1055 5124 5
  198.0722 1010 1
  201.0578 3388 3
  202.0628 7877 9
  203.0733 389806.5 450
  204.0494 129880.5 150
  205.0979 12963 14
  206.0763 12996 15
  207.0753 10102.5 11
  207.9841 5308 6
  209.0972 3738 4
  210.0221 1599 1
  211.0756 9343 10
  214.0566 3445.5 3
  215.1088 997 1
  217.0857 20044 23
  219.0562 2149.5 2
  220.0555 7864 9
  221.0854 3353.5 3
  222.0659 11855.5 13
  223.0767 3408 3
  224.0538 9415 10
  225.1064 13417 15
  226.0708 2616.5 3
  227.033 1076 1
  229.0562 1084 1
  231.0398 1965.5 2
  233.1258 3176 3
  235.0611 25131.5 29
  236.0545 4182.5 4
  237.0766 71103 82
  238.0804 11255 13
  239.0894 9100 10
  240.114 1808 2
  241.1333 4975 5
  245.0143 21603 24
  246.0671 10618 12
  247.0507 3168 3
  248.0842 18347 21
  249.0164 4638.5 5
  250.0294 7087 8
  251.0297 1743 2
  252.1147 14850 17
  253.0854 14286 16
  254.0694 9960 11
  262.0993 8791 10
  263.1075 53314 61
  264.0595 6639.5 7
  265.095 25864 29
  266.0997 12831 14
  267.1387 37465 43
  268.1426 3417 3
  269.0813 24548 28
  270.0876 8819 10
  275.1173 1384 1
  277.1223 6796 7
  280.1083 26901 31
  281.104 53218 61
  282.105 7436 8
  283.1156 27447 31
  284.1048 31276 36
  285.1098 11288 13
  287.1109 1244.5 1
  289.0539 881 1
  293.1185 14530 16
  294.1237 5499 6
  296.1374 14868 17
  297.0774 6173.5 7
  298.1209 81232 93
  299.1268 31560 36
  300.1319 3903 4
  309.1496 16344 18
  310.1526 1925 2
  311.1286 4446 5
  312.1341 16481 19
  313.1434 12703 14
  314.1454 1814 2
  318.0553 4799 5
  323.0868 33148 38
  324.0875 11704 13
  326.152 68444 79
  327.3755 88181.3 101
  328.1635 58311 67
  329.1669 4885 5
  332.0729 1954 2
  333.1641 7500 8
  334.1311 1037 1
  335.1136 1138 1
  336.0669 16845 19
  337.0698 3064 3
  338.1278 10669 12
  341.0659 15089 17
  346.1347 5405 6
  347.1272 3194 3
  348.0892 8959 10
  349.0986 150236.5 173
  350.114 51959 60
  351.1187 9302 10
  352.0968 19327.3 22
  353.0884 5433.5 6
  359.2093 4534 5
  361.0511 1733 2
  363.1098 3099.5 3
  365.1081 55217 63
  366.1203 19481 22
  367.1076 40742 47
  368.1119 11920.5 13
  370.0627 2712 3
  373.2477 18082 20
  378.1274 3650.5 4
  379.085 7355 8
  380.1238 1014 1
  381.124 362903.5 419
  382.1293 90374 104
  383.127 11942.5 13
  388.083 961 1
  391.1427 2839 3
  397.1006 3481 4
  398.0826 16404 18
  409.1496 41727 48
  410.1528 9272 10
  411.1439 1146 1
  413.1059 16549 19
  414.1082 5659 6
  416.1059 2510 2
  417.1135 2624 3
  419.1255 1452 1
  425.1785 9618 11
  426.1816 1865 2
  427.0859 2735 3
  429.1161 27720 32
  431.1327 12105 13
  432.1377 2120 2
  443.1389 7419 8
  453.177 103632 119
  454.1796 24366 28
  459.1859 1695 1
  473.1453 33981 39
  474.1496 8032 9
  475.1585 541965 626
  476.1619 132414 153
  477.1632 27833 32
  489.2285 52736 60
  490.2315 17351 20
  491.1828 4930 5
  495.1264 79482 91
  496.13 20618 23
  510.0103 1446.7 1
  511.2096 7600 8
  512.2156 3167 3
  513.2195 3035 3
  515.2028 7207 8
  529.1944 3618 4
  530.104 2780.5 3
  531.1292 928 1
  540.1619 1594 1
  543.1958 1813 2
  544.1988 2799 3
  545.204 7125 8
  561.1623 1393 1
  576.2275 1536.5 1
  580.1039 1342 1
  653.3109 3926 4
  671.1809 4256 4
  675.2891 1063 1
  677.2822 923 1
  691.202 958 1
  707.2739 9037 10
  708.2776 3685 4
  709.2416 2866 3
  724.2505 1341 1
  739.3014 1148.5 1
//
