ACCESSION: MSBNK-mFam-MC21_000279
RECORD_TITLE: 5,7-Dihydroxyflavone; LC-ESI-QTOF; MS2; CE: 15;  [M-H]-
DATE: 2023.03.23
AUTHORS: Stefanie Doell IPB
LICENSE: CC BY
PUBLICATION: Döll, S., Farahani-Kofoet, R. D., Zrenner, R., Henze, A. & Witzel, K. (2021) Tissue-specific signatures of metabolites and proteins in asparagus roots and exudates. Horticulture Research.
COMMENT: CONFIDENCE Pure standard
CH$NAME: 5,7-Dihydroxyflavone
CH$COMPOUND_CLASS: NA
CH$FORMULA: C15H10O4
CH$EXACT_MASS: 254.0579
CH$SMILES: C1=CC=C(C=C1)C2=CC(=O)C3=C(C=C(C=C3O2)O)O
CH$IUPAC: InChI=1S/C15H10O4/c16-10-6-11(17)15-12(18)8-13(19-14(15)7-10)9-4-2-1-3-5-9/h1-8,16-17H
CH$LINK: INCHIKEY RTIXKCRFFJGDFG-UHFFFAOYSA-N
AC$INSTRUMENT: Bruker MicrOTOF-Q
AC$INSTRUMENT_TYPE: LC-ESI-QTOF
AC$MASS_SPECTROMETRY: MS_TYPE MS2
AC$MASS_SPECTROMETRY: ION_MODE NEGATIVE
AC$MASS_SPECTROMETRY: IONIZATION ESI
AC$MASS_SPECTROMETRY: COLLISION_ENERGY 15
AC$CHROMATOGRAPHY: COLUMN_NAME Acquity CSHC18
AC$CHROMATOGRAPHY: RETENTION_TIME NA
MS$FOCUSED_ION: BASE_PEAK 253.0506
MS$FOCUSED_ION: PRECURSOR_M/Z 253.0506
MS$FOCUSED_ION: PRECURSOR_TYPE [M-H]-
MS$DATA_PROCESSING: RECALIBRATE loess on assigned fragments and MS1
MS$DATA_PROCESSING: REANALYZE Peaks with additional N2/O included
MS$DATA_PROCESSING: WHOLE RMassBank 3.7.1
PK$SPLASH: splash10-0udi-0590000000-d48c9eee1c7727112c6e
PK$NUM_PEAK: 164
PK$PEAK: m/z int. rel.int.
  46.9425 139 7
  49.9602 103 5
  57.1348 114.5 5
  63.0268 113 5
  66.756 104 5
  68.8773 135 6
  70.1451 104 5
  75.6313 108 5
  76.2592 115 5
  77.8465 103 5
  79.3982 108 5
  80.6636 103 5
  82.2559 109 5
  83.1724 117 5
  84.4015 106 5
  86.1957 103 5
  88.3614 108.5 5
  89.9229 143 7
  91.3608 136 6
  92.1121 117.7 5
  94.6451 102 5
  95.4693 108 5
  95.9891 106 5
  97.0758 116 5
  98.7173 108 5
  100.2804 117 5
  101.3611 122.3 6
  102.1672 117 5
  102.6852 104 5
  105.5691 106 5
  106.89 481.5 24
  107.8101 111 5
  111.8722 107.7 5
  112.8331 153 7
  113.3701 104 5
  113.8829 128 6
  115.0635 182 9
  116.8119 113 5
  119.1901 297.5 15
  119.8995 106 5
  121.0378 182 9
  122.3351 120.5 6
  123.4721 137 6
  126.0965 107.7 5
  127.077 114 5
  128.3678 104.3 5
  129.0836 115 5
  130.0482 117 5
  130.7332 120.5 6
  131.6706 117 5
  134.8174 114.2 5
  135.72 106 5
  136.5019 121 6
  136.9925 114 5
  137.7318 120 6
  138.4096 124 6
  139.0607 269 13
  139.8033 109 5
  141.0661 154 7
  142.3509 112 5
  143.1076 1400.7 70
  144.4916 445 22
  145.4765 108 5
  146.3658 122 6
  147.5489 135 6
  149.0174 110 5
  150.5671 214.4 10
  152.1398 102 5
  153.0407 220.5 11
  154.365 139.5 7
  155.3461 108 5
  156.2499 101 5
  157.1158 182 9
  157.7459 111 5
  158.6866 108 5
  160.1108 114 5
  160.8345 114.5 5
  161.5211 134 6
  162.3491 113 5
  163.1115 152.3 7
  164.1588 129 6
  165.0702 846 42
  166.0765 150 7
  167.0039 388 19
  168.0177 132 6
  168.689 117 5
  169.3956 101 5
  170.5607 105 5
  171.0823 242 12
  171.8274 114 5
  173.1142 139 7
  174.1042 153 7
  174.7967 123.5 6
  175.7838 131.5 6
  176.325 121 6
  176.8767 109 5
  179.8548 411.7 20
  180.6067 127 6
  181.0677 1952 98
  182.044 175 8
  183.2051 298 15
  184.0346 133 6
  185.5071 360 18
  187.2341 397 20
  187.9269 119 6
  188.4541 128.5 6
  189.2094 113 5
  191.2981 114.8 5
  192.0471 188 9
  193.0203 129.6 6
  194.2627 128 6
  195.3622 124.3 6
  197.3481 310.5 15
  198.3214 108 5
  199.1139 143 7
  200.4384 122 6
  201.4319 109.5 5
  201.9726 128 6
  202.5965 109 5
  203.2457 113.2 5
  204.1723 117 5
  205.3124 117.7 5
  206.3567 156 7
  206.8482 110 5
  209.1162 1513.9 76
  210.9759 2625 132
  212.045 716 36
  213.2942 176 8
  214.3976 107 5
  215.0932 122 6
  215.6707 130.5 6
  216.3642 128 6
  217.629 111.3 5
  218.5083 103 5
  218.9407 142 7
  219.5139 122 6
  220.642 111 5
  222.1797 130 6
  224.0385 188.3 9
  224.8763 1285 64
  225.515 106 5
  226.4631 166 8
  227.9113 116 5
  230.2097 121 6
  231.1137 109 5
  231.8872 107 5
  232.6144 123 6
  233.4795 120 6
  235.0092 127 6
  236.3252 115.3 5
  237.1526 132.5 6
  238.3567 103 5
  239.0803 146 7
  240.1966 122.5 6
  242.5461 122 6
  243.4241 115 5
  243.9837 101 5
  244.9064 123 6
  246.0515 104.5 5
  248.1505 108 5
  249.9369 107 5
  251.0064 117 5
  251.9131 726.5 36
  254.6377 19772.4 999
//
