ACCESSION: MSBNK-mFam-MC02_000680
RECORD_TITLE: Ribitol; ESI-TOF; MS2; CE: 0.6458333;  [M+H]+
DATE: 2023.03.06
AUTHORS: C. Broeckling, Colorado State University Proteomics and Metabolomics Facility
LICENSE: CC BY
PUBLICATION: Broeckling CD;Ganna A;Layer M;Brown K;Sutton B;Ingelsson E;Peers G;Prenni JE; (n.d.). Enabling efficient and confident annotation of LC-MS metabolomics data through MS1 Spectrum and time prediction. Analytical chemistry.
COMMENT: CONFIDENCE Pure standard
CH$NAME: Ribitol
CH$COMPOUND_CLASS: NA
CH$FORMULA: C5H12O5
CH$EXACT_MASS: 152.06847
CH$SMILES: OCC(O)C(O)C(O)CO
CH$IUPAC: InChI=1S/C5H12O5/c6-1-3(8)5(10)4(9)2-7/h3-10H,1-2H2
CH$LINK: INCHIKEY HEBKCHPVOIAQTA-UHFFFAOYSA-N
AC$INSTRUMENT: waters xevo g2 TOF
AC$INSTRUMENT_TYPE: ESI-TOF
AC$MASS_SPECTROMETRY: MS_TYPE MS2
AC$MASS_SPECTROMETRY: ION_MODE POSITIVE
AC$MASS_SPECTROMETRY: IONIZATION ESI
AC$MASS_SPECTROMETRY: COLLISION_ENERGY 0.6458333
AC$CHROMATOGRAPHY: COLUMN_NAME Acquity CSHC18
AC$CHROMATOGRAPHY: RETENTION_TIME 0.564 min
MS$FOCUSED_ION: BASE_PEAK 153.07647
MS$FOCUSED_ION: PRECURSOR_M/Z 153.07647
MS$FOCUSED_ION: PRECURSOR_TYPE [M+H]+
MS$DATA_PROCESSING: RECALIBRATE loess on assigned fragments and MS1
MS$DATA_PROCESSING: REANALYZE Peaks with additional N2/O included
MS$DATA_PROCESSING: WHOLE RMassBank 3.7.1
PK$SPLASH: splash10-07wi-2921000000-84f912cedbe3d9437e35
PK$NUM_PEAK: 153
PK$PEAK: m/z int. rel.int.
  57.0358 989 28
  69.0347 22791 653
  70.0379 847 24
  71.0502 88 2
  73.0292 88 2
  81.0342 88 2
  83.0082 88 2
  83.9664 2047 58
  87.0445 1258 36
  89.0082 2526 72
  89.9407 3849 110
  91.9552 856 24
  95.0079 10698 306
  96.0161 11270 323
  96.9618 13231 379
  99.0448 22633 648
  100.0482 667 19
  105.0209 19495 558
  108.0157 3569 102
  110.0131 25559 732
  110.9759 5073 145
  112.991 10336 296
  114.0258 12627 361
  114.9714 20181 578
  115.9639 88 2
  117.0381 26893 770
  118.0588 88 2
  119.0385 3378 96
  126.0262 9697 277
  126.9481 6521 186
  127.9602 6917 198
  128.9869 4942 141
  130.9661 5196 148
  131.9889 31072 890
  132.9985 5349 153
  135.066 88 2
  136.0693 88 2
  139.9847 23140 663
  141.0318 19992 573
  144.9611 5540 158
  145.9474 5757 165
  148.0364 88 2
  149.0187 88 2
  150.0182 88 2
  153.0764 88 2
  154.0056 1627.5 46
  155.012 88 2
  158.0252 11911 341
  159.0273 9630.3 276
  160.0877 88 2
  160.9521 645 18
  162.0265 88 2
  163.0452 88 2
  163.5475 88 2
  164.019 88 2
  164.5628 88 2
  169.9669 7928 227
  171.0026 7654.5 219
  172.0504 6717 192
  172.5523 88 2
  173.0326 4426 126
  174.0475 88 2
  175.0584 88 2
  176.0197 5492 157
  177.0374 4606 132
  179.5382 88 2
  180.0368 88 2
  180.5382 88 2
  181.0132 88 2
  181.5388 88 2
  182.0346 88 2
  182.5368 88 2
  183.034 88 2
  183.9819 1359 38
  184.9835 452 12
  187.9774 20800 596
  192.981 2106 60
  194.1182 88 2
  195.0452 2056 58
  195.9826 4680 134
  205.9896 5466 156
  206.9954 34854 999
  207.4968 88 2
  208.9964 7067 202
  217.939 455 13
  219.046 2420 69
  221.0553 88 2
  222.003 88 2
  223.9986 16064 460
  225.0046 4450 127
  228.0592 88 2
  232.0023 88 2
  238.0427 2606 74
  239.02 88 2
  242.9715 88 2
  246.0628 88 2
  248.0847 88 2
  248.5864 88 2
  251.0711 675 19
  252.0357 88 2
  255.0011 88 2
  258.0229 445 12
  262.014 11620 333
  263.0178 88 2
  266.0091 88 2
  267.0152 4294 123
  269.0176 88 2
  273.0158 88 2
  275.8904 88 2
  279.0208 88 2
  281.0168 88 2
  282.12 88 2
  283.0294 88 2
  286.1492 88 2
  292.025 5586 160
  295.0085 88 2
  299.963 2483 71
  300.9635 489 14
  308.4884 88 2
  309.4876 88 2
  309.9878 88 2
  314.927 3436 98
  316.9405 6046 173
  318.9424 783 22
  320.9794 2690.5 77
  329.1029 6669 191
  330.1061 88 2
  343.0914 88 2
  344.0971 88 2
  349.0618 88 2
  354.0614 88 2
  356.0615 88 2
  357.0684 88 2
  358.0565 88 2
  359.0635 19068 546
  360.0674 2640 75
  361.0649 88 2
  365.0602 88 2
  371.0541 88 2
  373.9382 88 2
  374.9483 3901 111
  379.07 88 2
  380.9537 88 2
  408.9835 639 18
  412.9857 88 2
  422.969 1764 50
  423.9726 88 2
  436.9237 499 14
  490.1013 88 2
  563.0367 88 2
  575.0384 88 2
  627.9516 88 2
  780.0181 88 2
//
