ACCESSION: MSBNK-mFam-MC23_000657
RECORD_TITLE: CORTISOL; LC-ESI-QTOF; MS2; CE: 20;  [M+H]+
DATE: 2023.02.21
AUTHORS: Katyeny Manuela da Silva, Elias Iturrospe, Maria van de Lavoir, Rani Robeyns
LICENSE: CC BY
PUBLICATION: NA
COMMENT: CONFIDENCE Pure standard
CH$NAME: CORTISOL
CH$COMPOUND_CLASS: NA
CH$FORMULA: C21H30O5
CH$EXACT_MASS: 362.20932
CH$SMILES: [H][C@@]12CC[C@@](O)(C(=O)CO)[C@@]1(C)C[C@H](O)[C@@]1([H])[C@@]2([H])CCC2=CC(=O)CC[C@]12C
CH$IUPAC: InChI=1S/C21H30O5/c1-19-7-5-13(23)9-12(19)3-4-14-15-6-8-21(26,17(25)11-22)20(15,2)10-16(24)18(14)19/h9,14-16,18,22,24,26H,3-8,10-11H2,1-2H3/t14-,15-,16-,18+,19-,20-,21+/m0/s1
CH$LINK: INCHIKEY JYGXADMDTFJGBT-CZFMHFDVSA-N
AC$INSTRUMENT: Agilent 6530 Q-TOF LC/MS
AC$INSTRUMENT_TYPE: LC-ESI-QTOF
AC$MASS_SPECTROMETRY: MS_TYPE MS2
AC$MASS_SPECTROMETRY: ION_MODE POSITIVE
AC$MASS_SPECTROMETRY: IONIZATION ESI
AC$MASS_SPECTROMETRY: COLLISION_ENERGY 20
AC$CHROMATOGRAPHY: COLUMN_NAME NA
AC$CHROMATOGRAPHY: RETENTION_TIME 0.200 min
MS$FOCUSED_ION: BASE_PEAK 363.21487
MS$FOCUSED_ION: PRECURSOR_M/Z 363.21487
MS$FOCUSED_ION: PRECURSOR_TYPE [M+H]+
MS$FOCUSED_ION: PRECURSOR_INTENSITY 37.5
MS$DATA_PROCESSING: RECALIBRATE loess on assigned fragments and MS1
MS$DATA_PROCESSING: REANALYZE Peaks with additional N2/O included
MS$DATA_PROCESSING: WHOLE RMassBank 3.7.1
PK$SPLASH: splash10-0cfr-0192000000-f36f94577b0132f65b9b
PK$NUM_PEAK: 266
PK$PEAK: m/z int. rel.int.
  41.0465 101.5 22
  43.0438 103 23
  45.0366 104.5 23
  49.037 105.5 23
  50.0151 106.5 24
  51.0212 106.8 24
  53.0426 107.2 24
  55.0544 107.5 24
  57.0562 108 24
  59.056 108.5 24
  65.038 108.7 24
  66.0425 109 24
  67.0688 109.2 24
  69.0665 110 24
  71.0579 110.2 24
  75.054 110.4 24
  77.0557 110.5 24
  79.0786 110.7 25
  81.0787 110.8 25
  83.0777 111 25
  85.0561 111.7 25
  91.0816 111.8 25
  93.0854 112 25
  95.0902 112.3 25
  97.1134 112.8 25
  97.2823 113 25
  97.4651 113.3 25
  98.0838 113.8 25
  99.0738 114 25
  101.0747 114.6 25
  103.0549 116 26
  105.1071 116.5 26
  106.067 118.7 26
  107.1024 118.7 26
  109.1225 119.4 26
  109.2782 119.6 27
  109.9262 119.7 27
  110.0765 120.2 27
  111.0799 120.4 27
  113.0638 120.7 27
  115.0746 121 27
  116.0603 122.5 27
  117.0968 124.2 28
  119.1085 124.7 28
  119.5374 125.7 28
  120.0831 126 28
  120.734 127.3 28
  121.539 128 28
  122.5926 128.1 28
  122.7259 128.2 28
  123.1455 131.6 29
  123.5271 132.7 29
  124.0837 134.5 30
  125.083 136.8 30
  125.2786 140.3 31
  127.0715 140.6 31
  128.0781 141.1 31
  129.0984 142 32
  130.0836 142.5 32
  131.1181 142.8 32
  132.0981 146.8 33
  133.1177 147.4 33
  133.5214 148.2 33
  134.0716 149.4 33
  135.1255 150 33
  135.2788 150.2 33
  135.4521 150.6 34
  137.1047 153 34
  139.0814 154.5 34
  141.096 158.5 35
  142.0951 158.8 35
  143.1217 161.2 36
  143.3309 165.3 37
  144.1038 165.6 37
  145.1574 175.3 39
  145.7666 175.5 39
  146.1232 182.6 41
  146.2583 184.6 41
  147.1812 187.2 42
  147.4606 190.1 42
  147.565 190.6 43
  147.8348 193 43
  148.1078 193.1 43
  149.1314 194 43
  150.1023 197.3 44
  151.1081 204.4 46
  152.0936 204.5 46
  153.0978 206.2 46
  154.0922 210.4 47
  155.1076 212.8 48
  156.1049 214.6 48
  157.1437 217.5 49
  157.4459 222.5 50
  157.5943 223.3 50
  157.6842 224.8 50
  158.1091 224.9 50
  159.1667 225.9 51
  159.4741 228.4 51
  159.6334 230.1 51
  159.7565 231.1 52
  160.1173 231.8 52
  161.1285 232.8 52
  162.1121 233.4 52
  162.2106 234.4 52
  163.1353 235.4 53
  164.1287 240.9 54
  165.1067 241.8 54
  166.0876 248.2 56
  167.1121 248.9 56
  168.0952 250.3 56
  169.1334 251 56
  169.6331 253.6 57
  170.0813 254.1 57
  171.1518 257.9 58
  172.1392 259.4 58
  173.1945 261.8 59
  173.4349 264.1 59
  173.8465 273.9 61
  174.1149 276.8 62
  175.1411 286.4 64
  176.1285 291.4 65
  177.1377 295.9 66
  178.0772 299.3 67
  179.1226 303.1 68
  180.102 303.7 68
  181.1302 304.9 68
  182.1227 307.4 69
  183.1451 311.2 70
  184.1236 311.4 70
  185.1516 312.5 70
  185.7057 320.3 72
  186.1472 329.1 74
  187.1604 331.8 74
  188.1229 332.3 75
  189.158 332.7 75
  190.1288 333.4 75
  191.1179 346.5 78
  192.1016 355.7 80
  193.1356 357.2 80
  194.1245 377.6 85
  195.14 382 86
  196.1219 400.1 90
  197.1546 400.7 90
  198.1336 408.4 92
  199.1594 414.6 93
  200.1312 416 93
  201.15 417.2 94
  203.1464 418.4 94
  204.1032 423.9 95
  205.1444 428.1 96
  206.1059 429.1 96
  207.1439 432.4 97
  208.1391 436.7 98
  209.1656 463.2 104
  210.1614 464 104
  211.1555 466 105
  212.1435 482.3 108
  213.1631 493.7 111
  214.1432 508.9 114
  214.9071 510 115
  215.1634 511.4 115
  216.1271 515.5 116
  217.1435 516.4 116
  218.1074 518.5 117
  219.1497 546.8 123
  220.1264 571.5 129
  221.1608 591.7 133
  222.1463 594.8 134
  223.1725 595.8 134
  224.1453 635.6 143
  225.1719 640.7 144
  225.4859 663.9 149
  225.7656 686.5 155
  225.9078 698.7 157
  226.1533 734.1 165
  227.1715 742.4 167
  228.1659 755.7 170
  229.1756 767.2 173
  230.1005 787.1 177
  231.1624 826.9 186
  232.1262 828.2 187
  233.1577 829.1 187
  234.1564 836.2 188
  235.166 841.8 190
  236.1338 845.5 190
  237.1653 887.8 200
  238.146 889.7 200
  239.1775 913.3 206
  239.683 934.2 211
  240.1668 958.4 216
  241.2204 959.5 216
  241.4653 990.9 223
  241.9687 1000.6 226
  242.1872 1003 226
  243.1961 1021.5 230
  244.122 1032.8 233
  244.7851 1064 240
  245.1618 1067.1 241
  246.1589 1095.6 247
  247.1535 1122.1 253
  248.1411 1140.3 257
  249.1894 1191.8 269
  250.172 1287 290
  251.2019 1317.2 297
  251.3972 1339.2 302
  252.1657 1387.5 313
  253.1951 1396.3 315
  254.1718 1398.6 315
  255.1688 1421.3 321
  257.1822 1435.3 324
  258.1574 1476.7 333
  259.1436 1509.2 340
  261.168 1513.8 341
  262.1275 1524.5 344
  263.2003 1533.7 346
  264.1496 1585 358
  265.2032 1596.8 360
  266.1887 1637.1 369
  267.2136 1639.6 370
  267.4947 1667.6 376
  267.7863 1669 377
  268.217 1683.2 380
  268.6024 1822.1 411
  269.2535 1832.7 414
  270.1916 1893.3 427
  271.1864 1928.2 435
  273.1909 1931.7 436
  275.1363 1943.1 438
  276.1544 1944.9 439
  276.8692 2023.9 457
  278.1819 2039.1 460
  279.2153 2081 470
  280.1354 2110.7 476
  281.2464 2134.2 482
  281.7877 2173.1 490
  283.1796 2249.5 508
  284.1835 2272.9 513
  285.2036 2294.5 518
  286.2111 2318.8 523
  287.2155 2390.1 539
  288.1827 2401 542
  291.2164 2436.8 550
  294.1726 2443.3 551
  296.1764 2490.6 562
  297.2376 2524.1 570
  298.1694 2526.5 570
  299.227 2606 588
  301.1931 2606.5 588
  303.1956 2902.5 655
  309.243 3040.5 686
  309.6009 3148.1 711
  309.7925 3282.2 741
  310.181 3331.8 752
  312.1828 3724.1 841
  315.2229 3724.4 841
  317.2102 3886.3 877
  327.2612 3976.6 898
  327.51 4422.1 999
  327.868 101.5 22
  327.9769 103 23
  328.1915 104.5 23
  345.2515 105.5 23
  363.3252 106.5 24
  363.8607 106.8 24
  364.2479 107.2 24
  365.1399 107.5 24
//
