ACCESSION: MSBNK-mFam-MC11_000208
RECORD_TITLE: 3',7-Dimethylquercetin; LC-ESI-QTOF; MS2; CE: 50eV;  [M-H]-
DATE: 2023.04.05
AUTHORS: Jörg Ziegler, Leibniz-Institute of Plant Biochemistry, Halle, Germany
LICENSE: CC BY
PUBLICATION: NA
COMMENT: CONFIDENCE Pure standard
CH$NAME: 3',7-Dimethylquercetin
CH$COMPOUND_CLASS: Flavonol
CH$FORMULA: C17H14O7
CH$EXACT_MASS: 330.0740
CH$SMILES: COC1=CC(=C2C(=C1)OC(=C(C2=O)O)C3=CC(=C(C=C3)O)OC)O
CH$IUPAC: InChI=1S/C17H14O7/c1-22-9-6-11(19)14-13(7-9)24-17(16(21)15(14)20)8-3-4-10(18)12(5-8)23-2/h3-7,18-19,21H,1-2H3
CH$LINK: INCHIKEY MYMGKIQXYXSRIJ-UHFFFAOYSA-N
AC$INSTRUMENT: TIMS-TOF Pro, Bruker Daltonik; Elute UHPLC System, Bruker Daltonik
AC$INSTRUMENT_TYPE: LC-ESI-QTOF
AC$MASS_SPECTROMETRY: MS_TYPE MS2
AC$MASS_SPECTROMETRY: ION_MODE NEGATIVE
AC$MASS_SPECTROMETRY: IONIZATION ESI
AC$MASS_SPECTROMETRY: COLLISION_ENERGY 50eV
AC$CHROMATOGRAPHY: COLUMN_NAME Acquity CSHC18
AC$CHROMATOGRAPHY: RETENTION_TIME 8.506 min
MS$FOCUSED_ION: BASE_PEAK 329.0608
MS$FOCUSED_ION: PRECURSOR_M/Z 329.0608
MS$FOCUSED_ION: PRECURSOR_TYPE [M-H]-
MS$FOCUSED_ION: PRECURSOR_INTENSITY 688005
MS$DATA_PROCESSING: RECALIBRATE loess on assigned fragments and MS1
MS$DATA_PROCESSING: REANALYZE Peaks with additional N2/O included
MS$DATA_PROCESSING: WHOLE RMassBank 3.7.1
PK$SPLASH: splash10-01ta-0339000000-305b6b45baa250e1520c
PK$NUM_PEAK: 140
PK$PEAK: m/z int. rel.int.
  22.8114 132 3
  38.4459 114 2
  54.5579 114 2
  64.0264 163 3
  65.0029 1413 32
  66.6621 183 4
  78.0119 103 2
  79.0178 310 7
  83.7021 172 3
  91.019 956 22
  92.9972 158 3
  94.3278 333 7
  96.4638 170 3
  103.0535 269 6
  107.0124 2999 69
  108.0211 757 17
  109.028 5449 125
  110.0313 225 5
  112.4627 123 2
  114.5591 345 7
  114.9172 120 2
  115.0524 718 16
  117.0414 350 8
  118.7173 194 4
  119.0112 923 21
  121.027 550 12
  122.0004 170 3
  123.0073 163 3
  127.0516 128 2
  129.032 228 5
  131.0476 390 9
  133.0278 4470 103
  134.0299 320 7
  135.0064 1242 28
  136.016 133 3
  137.02 155 3
  140.6221 324 7
  141.0917 153 3
  143.0482 1675 38
  144.0248 188 4
  145.0275 683 15
  146.0299 101 2
  147.0071 1213 28
  147.1658 222 5
  148.0144 328 7
  148.9578 181 4
  149.9929 240 5
  151.0026 1814 41
  152.0527 192 4
  153.0322 227 5
  154.0795 180 4
  155.0478 927 21
  156.3286 207 4
  157.0272 871 20
  157.6126 221 5
  158.1555 174 4
  159.0431 337 7
  160.1107 212 4
  161.0237 389 8
  161.5183 199 4
  162.6605 216 4
  163.0026 955 22
  164.1581 143 3
  166.6462 221 5
  169.4567 188 4
  171.0428 1603 37
  171.2677 178 4
  171.7013 152 3
  173.0199 433 10
  173.4536 189 4
  174.9249 128 2
  175.0396 1494 34
  176.3186 222 5
  177.6191 195 4
  182.0338 303 7
  183.0414 351 8
  183.9877 167 3
  185.2174 218 5
  187.035 951 21
  189.8292 143 3
  195.1713 213 4
  197.0216 435 10
  198.0299 496 11
  199.0385 2172 50
  200.0452 304 7
  200.3799 170 3
  201.0165 1035 23
  202.0215 278 6
  203.0312 239 5
  213.0231 225 5
  215.0345 1254 28
  216.0392 234 5
  219.0741 221 5
  224.0449 112 2
  225.0159 544 12
  226.053 197 4
  227.0308 1058 24
  228.0392 287 6
  242.0189 169 3
  243.0281 1161 26
  244.032 194 4
  253.0148 121 2
  269.0413 361 8
  271.0208 4864 112
  271.5948 169 3
  271.7793 119 2
  272.0237 431 9
  286.045 312 7
  289.1494 125 2
  299.0156 25118 580
  299.2092 206 4
  299.3156 105 2
  299.3947 125 2
  299.6294 147 3
  299.8478 107 2
  300.0198 1900 43
  301.0229 657 15
  313.6266 205 4
  313.8138 214 4
  313.9737 36256.8 837
  314.2049 313 7
  314.358 287.5 6
  314.6141 398 9
  314.7928 256 5
  314.932 213 4
  315.0411 19809 457
  315.1783 153 3
  315.2707 102 2
  315.3463 144 3
  315.5395 127 2
  315.6571 132 3
  315.9626 186 4
  316.0439 1462 33
  316.2906 116 2
  317.1801 132 3
  319.7744 129 2
  329.0608 43228 999
  329.2038 179 4
  329.3827 141 3
  329.5071 210 4
//
