ACCESSION: MSBNK-mFam-MC21_000256
RECORD_TITLE: Baicalein; LC-ESI-QTOF; MS2; CE: 15;  [M-H]-
DATE: 2023.03.23
AUTHORS: Stefanie Doell IPB
LICENSE: CC BY
PUBLICATION: Döll, S., Farahani-Kofoet, R. D., Zrenner, R., Henze, A. & Witzel, K. (2021) Tissue-specific signatures of metabolites and proteins in asparagus roots and exudates. Horticulture Research.
COMMENT: CONFIDENCE Pure standard
CH$NAME: Baicalein
CH$COMPOUND_CLASS: NA
CH$FORMULA: C15H10O5
CH$EXACT_MASS: 270.0528
CH$SMILES: C1=CC=C(C=C1)C2=CC(=O)C3=C(O2)C=C(C(=C3O)O)O
CH$IUPAC: InChI=1S/C15H10O5/c16-9-6-11(8-4-2-1-3-5-8)20-12-7-10(17)14(18)15(19)13(9)12/h1-7,17-19H
CH$LINK: INCHIKEY FXNFHKRTJBSTCS-UHFFFAOYSA-N
AC$INSTRUMENT: Bruker MicrOTOF-Q
AC$INSTRUMENT_TYPE: LC-ESI-QTOF
AC$MASS_SPECTROMETRY: MS_TYPE MS2
AC$MASS_SPECTROMETRY: ION_MODE NEGATIVE
AC$MASS_SPECTROMETRY: IONIZATION ESI
AC$MASS_SPECTROMETRY: COLLISION_ENERGY 15
AC$CHROMATOGRAPHY: COLUMN_NAME Acquity CSHC18
AC$CHROMATOGRAPHY: RETENTION_TIME NA
MS$FOCUSED_ION: BASE_PEAK 269.0455
MS$FOCUSED_ION: PRECURSOR_M/Z 269.0455
MS$FOCUSED_ION: PRECURSOR_TYPE [M-H]-
MS$DATA_PROCESSING: RECALIBRATE loess on assigned fragments and MS1
MS$DATA_PROCESSING: REANALYZE Peaks with additional N2/O included
MS$DATA_PROCESSING: WHOLE RMassBank 3.7.1
PK$SPLASH: splash10-00di-0490000000-b96482ce0296eef05938
PK$NUM_PEAK: 156
PK$PEAK: m/z int. rel.int.
  46.8551 112 2
  51.742 106 2
  56.4487 120 2
  57.9405 107 2
  58.929 111 2
  59.5256 104 2
  60.1665 104 2
  62.0392 113.5 2
  63.0166 129 3
  66.0267 110.7 2
  71.0335 114 2
  71.943 123.2 3
  74.555 159 3
  76.1391 101 2
  78.3716 119.5 2
  80.6415 109 2
  84.3793 102 2
  85.8132 117 2
  86.2661 108 2
  88.8721 139.5 3
  90.0813 128 3
  90.9436 111 2
  92.0259 142 3
  94.3334 113 2
  95.0078 314 7
  95.9066 125 3
  96.5074 113.5 2
  96.9966 120 2
  98.2424 102 2
  98.6563 121 3
  99.5205 117 2
  101.173 132 3
  102.1808 102 2
  104.5746 121.8 3
  108.1111 118.5 2
  108.9704 111 2
  110.4315 103 2
  111.3141 173.4 4
  112.2803 102 2
  113.6129 112 2
  114.1576 108 2
  115.0594 141 3
  116.2952 121.2 3
  116.9912 198.5 4
  117.6614 149 3
  118.7791 121 3
  120.7989 111 2
  122.4403 468.4 11
  123.6159 142 3
  124.0161 147 3
  124.8292 122.8 3
  127.4747 161.9 4
  129.2102 128.3 3
  130.0309 107 2
  130.4938 103 2
  131.0165 112.5 2
  132.0355 138.5 3
  133.0243 130 3
  133.9844 144 3
  134.6728 123.3 3
  135.9441 130 3
  137.6983 755.3 18
  139.9102 128 3
  140.5591 122 3
  141.0718 3607 89
  141.6189 122 3
  142.2184 246.5 6
  143.031 474.8 11
  144.0005 188.5 4
  144.4863 132 3
  144.9592 648 16
  145.8878 121.5 3
  147.0263 112.7 2
  147.8965 120.7 2
  149.0714 125.5 3
  149.9988 596 14
  150.9455 1080.5 26
  152.1061 149.9 3
  153.2121 728.5 18
  154.633 208 5
  156.0583 112 2
  156.9956 481.5 11
  157.7812 162.3 4
  158.4991 116 2
  159.9844 134.7 3
  160.6978 135.5 3
  161.8038 126 3
  163.1327 121.4 3
  164.5202 396.2 9
  165.4569 118.5 2
  167.3326 622.8 15
  170.2029 1252.3 31
  173.2577 317 7
  174.0213 122.5 3
  175.4354 129.8 3
  176.6176 127.2 3
  178.1909 267.4 6
  179.8334 752.8 18
  181.0655 2538 63
  182.0578 306 7
  183.1097 476.4 11
  183.9391 242.7 6
  184.8557 1797 44
  186.4692 240.3 5
  187.5253 143 3
  189.2109 129 3
  189.9683 105 2
  190.9577 132.7 3
  192.0062 1510 37
  192.7648 135 3
  196.4063 2397.4 59
  200.4547 293.1 7
  202.3798 174 4
  203.3313 109 2
  204.2966 120.3 2
  205.0677 116.3 2
  206.2085 122.7 3
  207.4948 1481.8 36
  209.0465 140 3
  210.0355 320 7
  210.8724 956.5 23
  211.9376 313 7
  213.8834 1078.1 26
  215.9343 109.7 2
  218.3825 127 3
  219.862 118.5 2
  221.3041 103 2
  223.9664 3051.8 75
  226.8422 753.7 18
  228.0152 171.8 4
  228.8852 106 2
  229.7421 117.2 2
  230.566 111 2
  231.4832 103.5 2
  232.2937 138.5 3
  233.0414 132 3
  233.7727 126 3
  234.936 112 2
  236.0079 127.5 3
  238.4826 139 3
  241.1313 3379.9 83
  245.6674 117 2
  246.328 121.7 3
  247.1158 151 3
  248.7278 122.3 3
  251.3796 3177.1 78
  254.0711 152 3
  255.1045 146.6 3
  256.2698 107.8 2
  258.9387 112 2
  260.2315 140 3
  262.4838 104 2
  266.2022 122 3
  267.0283 195 4
  268.0997 2041.1 50
  270.7243 40238.4 999
//
