ACCESSION: MSBNK-mFam-MC21_000253
RECORD_TITLE: Apigenin-7-O-glucoside; LC-ESI-QTOF; MS2; CE: 24.83;  [M-H]-
DATE: 2023.03.23
AUTHORS: Stefanie Doell IPB
LICENSE: CC BY
PUBLICATION: Döll, S., Farahani-Kofoet, R. D., Zrenner, R., Henze, A. & Witzel, K. (2021) Tissue-specific signatures of metabolites and proteins in asparagus roots and exudates. Horticulture Research.
COMMENT: CONFIDENCE Pure standard
CH$NAME: Apigenin-7-O-glucoside
CH$COMPOUND_CLASS: NA
CH$FORMULA: C21H20O10
CH$EXACT_MASS: 432.1056
CH$SMILES: C1=CC(=CC=C1C2=CC(=O)C3=C(O2)C(=C(C=C3O)O)C4C(C(C(C(O4)CO)O)O)O)O
CH$IUPAC: InChI=1S/C21H20O10/c22-7-14-17(27)18(28)19(29)21(31-14)16-11(25)5-10(24)15-12(26)6-13(30-20(15)16)8-1-3-9(23)4-2-8/h1-6,14,17-19,21-25,27-29H,7H2
CH$LINK: INCHIKEY SGEWCQFRYRRZDC-UHFFFAOYSA-N
AC$INSTRUMENT: Bruker MicrOTOF-Q
AC$INSTRUMENT_TYPE: LC-ESI-QTOF
AC$MASS_SPECTROMETRY: MS_TYPE MS2
AC$MASS_SPECTROMETRY: ION_MODE NEGATIVE
AC$MASS_SPECTROMETRY: IONIZATION ESI
AC$MASS_SPECTROMETRY: COLLISION_ENERGY 24.83
AC$CHROMATOGRAPHY: COLUMN_NAME Acquity CSHC18
AC$CHROMATOGRAPHY: RETENTION_TIME NA
MS$FOCUSED_ION: BASE_PEAK 431.0984
MS$FOCUSED_ION: PRECURSOR_M/Z 431.0984
MS$FOCUSED_ION: PRECURSOR_TYPE [M-H]-
MS$DATA_PROCESSING: RECALIBRATE loess on assigned fragments and MS1
MS$DATA_PROCESSING: REANALYZE Peaks with additional N2/O included
MS$DATA_PROCESSING: WHOLE RMassBank 3.7.1
PK$SPLASH: splash10-00e9-0192100000-ac14da4732c618df2423
PK$NUM_PEAK: 151
PK$PEAK: m/z int. rel.int.
  67.299 118 5
  79.1346 108 5
  84.0179 109 5
  94.9026 133 6
  98.2608 110 5
  99.4922 135 6
  109.7701 125 5
  112.4286 104 4
  117.0393 187 8
  120.2489 108 5
  121.0335 121 5
  121.8259 102 4
  122.4465 105 4
  126.7846 126 5
  127.346 102 4
  128.2748 114 5
  132.9174 133 6
  138.4774 142 6
  141.9912 103 4
  144.6163 108 5
  148.016 117 5
  149.0239 1207 56
  150.1953 117 5
  151.0027 917 42
  151.408 104 4
  152.9384 123 5
  156.5289 120 5
  159.0453 124 5
  160.0446 117 5
  161.0226 178 8
  161.8341 110 5
  163.4682 115 5
  165.617 121 5
  167.0439 127 5
  167.8778 136.3 6
  169.9244 134 6
  171.4162 115 5
  172.0394 122 5
  174.4453 121 5
  178.9733 147 6
  180.1467 127 5
  181.0049 108.5 5
  183.0437 364 17
  183.874 186 8
  184.4907 131 6
  185.0326 196 9
  185.5917 111 5
  187.0405 102 4
  189.0163 150 7
  189.6932 178 8
  190.3233 119 5
  191.0366 526 24
  192.0929 126 5
  192.5594 130 6
  193.0154 172 8
  193.4445 104 4
  193.8787 109 5
  195.0426 297 13
  196.0496 714 33
  197.0568 222 10
  198.5943 139 6
  199.0379 328 15
  200.0451 913 42
  200.8575 782 36
  202.0589 254 11
  202.5683 103 4
  203.0581 157 7
  204.0493 112 5
  205.0062 121 5
  206.8003 133.5 6
  208.0985 116 5
  209.1448 132 6
  210.1691 121 5
  211.0402 1572 73
  212.1628 772 36
  213.0473 309 14
  214.3229 112.5 5
  215.0993 158.5 7
  216.0864 125.7 5
  217.0152 147 6
  217.5752 102 4
  219.0885 113 5
  220.0463 111.5 5
  221.0763 137 6
  221.9202 105 4
  222.5071 111 5
  223.0428 260 12
  224.2504 186.7 8
  225.1052 722.5 33
  226.0595 287 13
  227.5495 358.2 16
  232.4171 105 4
  233.4202 104 4
  238.9735 1960.5 91
  239.596 112 5
  240.0923 3007.5 140
  240.7864 639 29
  241.9948 109.5 5
  243.1247 213.5 9
  243.7271 134 6
  244.2061 111 5
  245.0491 142 6
  246.0109 136.7 6
  247.6476 122 5
  249.0731 119 5
  249.8123 108 5
  250.4743 119 5
  251.025 242 11
  251.6605 112 5
  253.0437 682 31
  253.9812 114.8 5
  256.7403 139 6
  257.5109 107 5
  261.9619 105 4
  263.1233 106 4
  263.7597 107 5
  265.0514 266 12
  265.6269 101 4
  266.0527 123 5
  266.975 1251.8 58
  270.9091 21344.4 999
  277.0431 158 7
  281.0443 1489 69
  282.0494 1723 80
  283.0603 5703 266
  284.0613 927 43
  291.0635 164 7
  292.0662 112 5
  293.0417 268 12
  294.0448 107 5
  295.0574 470 21
  297.0531 118 5
  299.063 110 5
  308.0372 117 5
  309.04 327 15
  310.9994 5879.5 275
  312.0597 1726 80
  313.0614 333 15
  314.0451 133 6
  323.0544 1841 86
  324.057 339 15
  325.0713 225 10
  337.0682 124 5
  339.0427 192 8
  341.0655 3193 149
  342.0707 473 22
  353.0677 325 15
  377.0652 103 4
  415.5695 106 4
  430.7728 6563 307
  433.8593 109 5
//
