ACCESSION: MSBNK-mFam-MC02_000682
RECORD_TITLE: Scyllitol; ESI-TOF; MS2; CE: 0.6458333;  [M+H]+
DATE: 2023.03.06
AUTHORS: C. Broeckling, Colorado State University Proteomics and Metabolomics Facility
LICENSE: CC BY
PUBLICATION: Broeckling CD;Ganna A;Layer M;Brown K;Sutton B;Ingelsson E;Peers G;Prenni JE; (n.d.). Enabling efficient and confident annotation of LC-MS metabolomics data through MS1 Spectrum and time prediction. Analytical chemistry.
COMMENT: CONFIDENCE Pure standard
CH$NAME: Scyllitol
CH$COMPOUND_CLASS: NA
CH$FORMULA: C6H12O6
CH$EXACT_MASS: 180.06339
CH$SMILES: OC1C(O)C(O)C(O)C(O)C1O
CH$IUPAC: InChI=1S/C6H12O6/c7-1-2(8)4(10)6(12)5(11)3(1)9/h1-12H
CH$LINK: INCHIKEY CDAISMWEOUEBRE-UHFFFAOYSA-N
AC$INSTRUMENT: waters xevo g2 TOF
AC$INSTRUMENT_TYPE: ESI-TOF
AC$MASS_SPECTROMETRY: MS_TYPE MS2
AC$MASS_SPECTROMETRY: ION_MODE POSITIVE
AC$MASS_SPECTROMETRY: IONIZATION ESI
AC$MASS_SPECTROMETRY: COLLISION_ENERGY 0.6458333
AC$CHROMATOGRAPHY: COLUMN_NAME Acquity CSHC18
AC$CHROMATOGRAPHY: RETENTION_TIME 0.545 min
MS$FOCUSED_ION: BASE_PEAK 181.07139
MS$FOCUSED_ION: PRECURSOR_M/Z 181.07139
MS$FOCUSED_ION: PRECURSOR_TYPE [M+H]+
MS$DATA_PROCESSING: RECALIBRATE loess on assigned fragments and MS1
MS$DATA_PROCESSING: REANALYZE Peaks with additional N2/O included
MS$DATA_PROCESSING: WHOLE RMassBank 3.7.1
PK$SPLASH: splash10-07cu-2692200000-b64db7bbe285941025be
PK$NUM_PEAK: 128
PK$PEAK: m/z int. rel.int.
  69.0348 5719 96
  71.0508 108 1
  81.034 59246 995
  82.038 2092 35
  84.995 7671 128
  86.0368 18892 317
  96.9616 108 1
  99.0446 5817 97
  101.0235 108 1
  102.0343 2280 38
  109.0288 56657 951
  110.032 3287 55
  110.9761 3481 58
  111.9436 702 11
  113.9403 6506 109
  114.9477 2510 42
  122.9545 714 11
  124.9566 4411 74
  126.9936 6648.5 111
  128.0438 108 1
  139.9636 7684 129
  143.9553 15947 267
  145.05 13391 224
  146.0572 108 1
  149.961 108 1
  151.0398 108 1
  153.0314 10463 175
  159.0636 108 1
  169.0086 5644 94
  169.9669 51311 862
  170.9721 4902 82
  177.0773 108 1
  180.9823 1921 32
  182.5365 556 9
  186.0764 108 1
  187.0485 4617 77
  190.0232 108 1
  194.1172 108 1
  197.9618 37368 627
  198.9669 5721 96
  200.0451 41653 699
  200.548 4311 72
  201.0077 7267 122
  203.053 108 1
  204.0565 108 1
  205.0614 108 1
  209.0508 6027 101
  211.977 8170 137
  215.9754 4826 81
  216.9799 28812 484
  219.0175 35987 604
  220.5587 108 1
  222.9674 517 8
  229.5447 108 1
  230.543 108 1
  233.9833 4848 81
  234.9922 32887 552
  235.9899 4529 76
  236.9914 18649 313
  239.9905 1549 26
  247.0406 609 10
  251.0356 108 1
  251.993 21014 353
  253.0005 4898 82
  258.1699 108 1
  262.0536 2198 36
  265.0222 108 1
  273.0141 108 1
  275.0097 108 1
  278.0314 26135 439
  279.0356 3751 63
  280.995 2253 37
  282.0868 108 1
  282.9962 108 1
  284.9922 108 1
  290.043 8194 137
  290.5793 108 1
  291.0791 108 1
  291.5818 108 1
  294.0036 51993 873
  295.0097 15817 265
  296.0082 2872 48
  297.0108 4621 77
  297.5657 108 1
  298.0624 108 1
  298.5649 108 1
  299.0635 108 1
  299.5657 108 1
  300.0621 108 1
  306.0032 10339 173
  307.0108 19977 335
  308.0173 1877 31
  309.0132 2439 40
  316.5395 560 9
  318.0224 3467 58
  320.0195 45125 758
  321.0188 3740 62
  323.0107 108 1
  324.0159 108 1
  325.023 108 1
  326.0306 108 1
  329.9691 108 1
  337.0146 108 1
  340.0471 108 1
  361.1346 108 1
  362.1377 108 1
  367.1103 1613 27
  383.1159 108 1
  385.0924 12027 202
  386.094 108 1
  396.0344 10660 179
  397.0402 1693 28
  405.098 108 1
  407.0738 108 1
  410.0506 776 13
  412.0501 108 1
  413.0568 108 1
  414.0462 59464 999
  414.5503 108 1
  415.0512 30683 515
  415.5461 108 1
  416.0534 5987 100
  416.5433 108 1
  417.055 4278 71
  419.0485 108 1
  445.0859 108 1
  531.0422 108 1
  827.08 108 1
//
