ACCESSION: MSBNK-mFam-MC02_000726
RECORD_TITLE: Kaempferol; ESI-TOF; MS2; CE: 0.6458333;  [M+H]+
DATE: 2023.03.06
AUTHORS: C. Broeckling, Colorado State University Proteomics and Metabolomics Facility
LICENSE: CC BY
PUBLICATION: Broeckling CD;Ganna A;Layer M;Brown K;Sutton B;Ingelsson E;Peers G;Prenni JE; (n.d.). Enabling efficient and confident annotation of LC-MS metabolomics data through MS1 Spectrum and time prediction. Analytical chemistry.
COMMENT: CONFIDENCE Pure standard
CH$NAME: Kaempferol
CH$COMPOUND_CLASS: NA
CH$FORMULA: C15H10O6
CH$EXACT_MASS: 286.04774
CH$SMILES: OC1=CC=C(C=C1)C1=C(O)C(=O)C2=C(O1)C=C(O)C=C2O
CH$IUPAC: InChI=1S/C15H10O6/c16-8-3-1-7(2-4-8)15-14(20)13(19)12-10(18)5-9(17)6-11(12)21-15/h1-6,16-18,20H
CH$LINK: INCHIKEY IYRMWMYZSQPJKC-UHFFFAOYSA-N
AC$INSTRUMENT: waters xevo g2 TOF
AC$INSTRUMENT_TYPE: ESI-TOF
AC$MASS_SPECTROMETRY: MS_TYPE MS2
AC$MASS_SPECTROMETRY: ION_MODE POSITIVE
AC$MASS_SPECTROMETRY: IONIZATION ESI
AC$MASS_SPECTROMETRY: COLLISION_ENERGY 0.6458333
AC$CHROMATOGRAPHY: COLUMN_NAME Acquity CSHC18
AC$CHROMATOGRAPHY: RETENTION_TIME 3.005 min
MS$FOCUSED_ION: BASE_PEAK 287.05574
MS$FOCUSED_ION: PRECURSOR_M/Z 287.05574
MS$FOCUSED_ION: PRECURSOR_TYPE [M+H]+
MS$DATA_PROCESSING: RECALIBRATE loess on assigned fragments and MS1
MS$DATA_PROCESSING: REANALYZE Peaks with additional N2/O included
MS$DATA_PROCESSING: WHOLE RMassBank 3.7.1
PK$SPLASH: splash10-0a4i-0590001000-65e6f9d94b56f3a64d6a
PK$NUM_PEAK: 116
PK$PEAK: m/z int. rel.int.
  68.998 73022 35
  75.0451 3737 1
  77.0408 2167 1
  93.0339 50819 24
  105.0341 66556 32
  107.0396 33715 16
  109.0288 21517 10
  111.0084 71914 34
  112.0117 4013 1
  115.0546 9210 4
  117.0704 23426 11
  119.0498 9215 4
  121.0289 951627 460
  122.0323 55582 26
  129.0698 26599 12
  131.0497 30510 14
  132.0473 3045 1
  133.0291 54938 26
  135.0442 42399 20
  138.0429 7500 3
  139.0541 4971 2
  141.0254 6903.3 3
  143.0499 5826 2
  144.0546 2115 1
  145.0287 51617 24
  146.0689 3989 1
  147.0448 167554 81
  153.0187 346272 167
  154.0219 46261 22
  159.0443 21410 10
  161.0605 128151 62
  165.0187 278355 134
  166.0226 45122 21
  167.0598 8220 3
  169.0649 10411 5
  171.0441 25687 12
  175.0393 13751 6
  179.0352 2238 1
  183.0422 12373 5
  185.0599 54077 26
  186.0632 7167 3
  189.0546 17094 8
  194.0215 5160 2
  197.0602 8696 4
  199.0393 8898 4
  200.0458 2346 1
  201.0542 22422 10
  203.0702 50185 24
  213.055 156345 75
  214.0856 28770 13
  216.0414 7735 3
  217.0497 17744 8
  229.0497 395912 191
  230.0535 60248 29
  231.0653 74464 36
  240.0415 18369 8
  241.05 314015 152
  242.0535 20542 9
  243.0643 15694 7
  245.056 19022 9
  257.0712 2063019 999
  258.0562 721780 349
  259.0566 79132 38
  260.0605 15693 7
  263.051 2566 1
  269.0797 21785 10
  271.0605 81894 39
  272.0636 5767.5 2
  279.0262 2522 1
  285.0397 27160 13
  287.7425 242862.3 117
  295.0716 2897 1
  297.0072 4672 2
  308.0291 7367 3
  317.0658 37583 18
  325.0185 56509 27
  339.0479 17231 8
  341.0022 7232 3
  341.9815 8444 4
  357.058 14478 7
  371.0409 23739 11
  372.0194 2128 1
  419.0618 23282 11
  435.2124 3447 1
  440.214 2654 1
  458.1966 6407 3
  571.0869 26023 12
  572.0898 7055 3
  581.0394 2140 1
  593.0636 3164 1
  595.071 4633 2
  597.0605 29513 14
  598.061 13831 6
  607.0185 25025 12
  608.0232 7121 3
  609.034 46961 22
  610.0375 23981 11
  611.056 48017 23
  612.0528 10998 5
  622.0187 11263 5
  623.0186 8206 3
  624.0182 5779 2
  625.068 5904.3 2
  626.0148 223217 108
  627.019 103748 50
  628.021 27063 13
  629.0243 26861 13
  641.0607 12635 6
  642.0394 2567 1
  656.0249 12155 5
  757.1967 2474 1
  907.0534 3482 1
  910.046 5876 2
  911.0523 4762 2
  964.9767 23169 11
  965.9829 10755 5
//
