ACCESSION: MSBNK-mFam-MC02_000781
RECORD_TITLE: Isovalerylglycine; ESI-TOF; MS2; CE: 6.0000000;  [M+H]+
DATE: 2023.03.06
AUTHORS: C. Broeckling, Colorado State University Proteomics and Metabolomics Facility
LICENSE: CC BY
PUBLICATION: Broeckling CD;Ganna A;Layer M;Brown K;Sutton B;Ingelsson E;Peers G;Prenni JE; (n.d.). Enabling efficient and confident annotation of LC-MS metabolomics data through MS1 Spectrum and time prediction. Analytical chemistry.
COMMENT: CONFIDENCE Pure standard
CH$NAME: Isovalerylglycine
CH$COMPOUND_CLASS: NA
CH$FORMULA: C7H13NO3
CH$EXACT_MASS: 159.08954
CH$SMILES: CC(C)CC(=O)NCC(O)=O
CH$IUPAC: InChI=1S/C7H13NO3/c1-5(2)3-6(9)8-4-7(10)11/h5H,3-4H2,1-2H3,(H,8,9)(H,10,11)
CH$LINK: INCHIKEY ZRQXMKMBBMNNQC-UHFFFAOYSA-N
AC$INSTRUMENT: waters xevo g2 TOF
AC$INSTRUMENT_TYPE: ESI-TOF
AC$MASS_SPECTROMETRY: MS_TYPE MS2
AC$MASS_SPECTROMETRY: ION_MODE POSITIVE
AC$MASS_SPECTROMETRY: IONIZATION ESI
AC$MASS_SPECTROMETRY: COLLISION_ENERGY 6.0000000
AC$CHROMATOGRAPHY: COLUMN_NAME Acquity CSHC18
AC$CHROMATOGRAPHY: RETENTION_TIME 1.959 min
MS$FOCUSED_ION: BASE_PEAK 160.09754
MS$FOCUSED_ION: PRECURSOR_M/Z 160.09754
MS$FOCUSED_ION: PRECURSOR_TYPE [M+H]+
MS$DATA_PROCESSING: RECALIBRATE loess on assigned fragments and MS1
MS$DATA_PROCESSING: REANALYZE Peaks with additional N2/O included
MS$DATA_PROCESSING: WHOLE RMassBank 3.7.1
PK$SPLASH: splash10-03l0-1917010000-1adb39ee988ceb4f5bbe
PK$NUM_PEAK: 153
PK$PEAK: m/z int. rel.int.
  57.0711 10019 5
  76.0403 411626 243
  77.0438 8820 5
  85.0657 85910 50
  86.0691 4337 2
  114.0282 22599 13
  126.9724 9035 5
  133.0614 41709 24
  137.9882 32607 19
  142.0868 41924 24
  143.0907 3848 2
  145.0293 2910 1
  146.0133 2478 1
  155.012 7870 4
  160.0972 1687436 999
  161.062 83058.5 49
  162.1026 17618 10
  163.0872 5084 3
  165.0644 1732.5 1
  166.1053 72374 42
  169.019 29351 17
  170.0229 5311 3
  173.0822 16984 10
  175.966 3515 2
  182.1347 1057313 625
  183.0723 49487.5 29
  198.0443 32729 19
  199.0493 5658 3
  201.0453 27779 16
  202.0472 5049 2
  204.0609 13796 8
  210.0325 7830.5 4
  211.0531 19635 11
  212.0599 6375 3
  213.0818 5743 3
  216.0545 4907 2
  230.0685 12563 7
  239.1009 169261 100
  240.0807 8606.5 5
  244.0514 7601 4
  245.0368 6389 3
  251.1509 9449 5
  255.1162 7097 4
  260.0216 6593 3
  270.0971 4666.7 2
  271.0716 2853.5 1
  272.0451 4959 2
  273.0759 12688 7
  274.1369 6762 4
  282.1031 16656 9
  284.1198 4074 2
  285.1257 38913 23
  285.576 2983 1
  286.1279 3409 2
  289.0716 1759.5 1
  300.1138 18837 11
  302.0575 7927 4
  305.1572 13746 8
  316.0343 3329 1
  324.1156 5579 3
  326.1149 2685 1
  328.1085 23607 13
  329.108 21838 12
  330.1181 2176 1
  331.1157 29330 17
  332.1182 11618 6
  333.113 31323 18
  334.1149 3551 2
  335.1099 4608 2
  341.1563 40774 24
  342.1585 12380 7
  343.1451 139852 82
  344.1965 11419 6
  357.1336 616670 365
  358.1371 111764 66
  359.1365 21613 12
  361.1271 8133 4
  363.1576 21882 12
  364.6173 8487 5
  365.1234 4615 2
  368.1036 12291 7
  369.1056 3271 1
  370.1022 49021 29
  371.1082 21533 12
  372.0985 683501 404
  373.1036 355742 210
  374.1064 66891 39
  375.1063 137632 81
  376.1089 22901 13
  377.1031 46939 27
  378.1037 9461 5
  381.1003 3580 2
  388.1392 1780 1
  392.0812 4994 2
  392.5841 1927 1
  393.0822 2453 1
  395.0874 5283 3
  398.175 1701 1
  400.1036 1967.5 1
  414.1546 36499 21
  415.1566 6380 3
  429.1198 29967 17
  430.079 7210.5 4
  431.129 2889 1
  432.1408 4304.5 2
  442.1522 2054 1
  471.1775 6292 3
  500.2485 4338 2
  516.2233 128315 75
  517.2261 17285 10
  518.227 6117 3
  520.2155 2395 1
  524.216 4376 2
  529.1923 5558 3
  531.1881 102743 60
  532.1907 27356 16
  533.1954 6002 3
  534.1946 16486 9
  535.1978 2347 1
  536.1901 6610 3
  538.2026 2757 1
  551.172 5124 3
  553.1683 89418 52
  554.1707 36212 21
  555.1737 4937 2
  560.1849 3292 1
  569.1367 6225 3
  570.1416 18386 10
  571.1454 6089 3
  572.1422 7178 4
  586.1144 5401 3
  588.1207 2841 1
  601.1585 18007 10
  617.1354 8876 5
  705.2897 2538 1
  718.2622 2473 1
  728.224 8468 5
  729.2236 3396 2
  732.2479 1753 1
  734.2412 36783.5 21
  735.2421 24918 14
  736.2497 3720 2
  743.1883 14129 8
  744.1929 9002 5
  746.1967 4925 2
  748.194 2913 1
  750.2104 8241 4
  751.2121 4194 2
  791.2601 7745 4
  873.3208 1920 1
  902.2774 5900 3
  903.2764 2772 1
  915.3141 4077 2
//
