ACCESSION: MSBNK-mFam-MC01_000031
RECORD_TITLE: (20R,22R,25R)-3beta-Acetoxy-22,26-acetimino-5alpha-cholestan-16beta,20-diol; APCI-ITFT; MS2; CE: CID 35;  [M-H]-
DATE: 2023.01.17
AUTHORS: Alena Soboleva, Andrej Frolov
LICENSE: CC BY
PUBLICATION: NA
COMMENT: CONFIDENCE Pure standard
CH$NAME: (20R,22R,25R)-3beta-Acetoxy-22,26-acetimino-5alpha-cholestan-16beta,20-diol
CH$COMPOUND_CLASS: NA
CH$FORMULA: C31H51NO5
CH$EXACT_MASS: 517.37672
CH$SMILES: C[C@@H](CN1C(C)=O)CC[C@@H]1[C@](C)(O)[C@H]2[C@@H](O)C[C@@]3([H])[C@]4([H])CC[C@@]5([H])C[C@@H](OC(C)=O)CC[C@]5(C)[C@@]4([H])CC[C@]23C
CH$IUPAC: InChI=1S/C31H51NO5/c1-18-7-10-27(32(17-18)19(2)33)31(6,36)28-26(35)16-25-23-9-8-21-15-22(37-20(3)34)11-13-29(21,4)24(23)12-14-30(25,28)5/h18,21-28,35-36H,7-17H2,1-6H3/t18-,21+,22+,23-,24+,25+,26+,27-,28+,29+,30+,31+/m1/s1
CH$LINK: INCHIKEY PIEKAIPYEXIFHY-CCSNIFCNSA-N
AC$INSTRUMENT: Orbitrap Elite
AC$INSTRUMENT_TYPE: APCI-ITFT
AC$MASS_SPECTROMETRY: MS_TYPE MS2
AC$MASS_SPECTROMETRY: ION_MODE NEGATIVE
AC$MASS_SPECTROMETRY: IONIZATION APCI
AC$MASS_SPECTROMETRY: COLLISION_ENERGY CID 35
AC$CHROMATOGRAPHY: COLUMN_NAME Acquity CSHC18
AC$CHROMATOGRAPHY: RETENTION_TIME 0.168 min
MS$FOCUSED_ION: BASE_PEAK 516.36760
MS$FOCUSED_ION: PRECURSOR_M/Z 516.36760
MS$FOCUSED_ION: PRECURSOR_TYPE [M-H]-
MS$FOCUSED_ION: PRECURSOR_INTENSITY 5152973
MS$DATA_PROCESSING: RECALIBRATE loess on assigned fragments and MS1
MS$DATA_PROCESSING: REANALYZE Peaks with additional N2/O included
MS$DATA_PROCESSING: WHOLE RMassBank 3.7.1
PK$SPLASH: splash10-056r-0009400000-e01e7ff4ba30bef56616
PK$NUM_PEAK: 234
PK$PEAK: m/z int. rel.int.
  141.7249 331 1
  143.8236 345 1
  147.9384 555 1
  148.112 746 2
  148.1866 931 3
  148.361 1106 3
  148.6302 322 1
  152.0633 320 1
  152.6748 734 2
  152.7506 428 1
  152.8362 438 1
  152.8587 946 3
  152.9346 1540 5
  153.1174 1775 6
  153.1941 393 1
  153.3012 417 1
  153.3796 605 2
  153.3987 423 1
  156.9993 385 1
  157.6188 399 1
  157.6391 455 1
  157.7204 387 1
  157.8126 502 1
  157.8348 682 2
  157.912 1324 4
  158.1081 1563 5
  158.1857 440 1
  158.2981 339 1
  158.3799 679 2
  163.138 652 2
  163.3414 864 2
  163.6293 400 1
  164.0994 2092 7
  164.1138 3748 12
  171.0475 641 2
  171.1394 510 1
  171.3561 805 2
  175.9582 318 1
  176.7175 527 1
  176.9206 311 1
  176.9428 600 2
  176.9629 478 1
  177.0415 783 2
  177.0576 379 1
  177.2714 1339 4
  177.2856 696 2
  177.4999 445 1
  177.597 397 1
  177.6213 366 1
  182.1072 1680 5
  182.122 14753 50
  182.9152 467 1
  183.127 1695 5
  183.1545 835 2
  183.1715 555 1
  183.2563 828 2
  183.2733 658 2
  183.4922 698 2
  183.5134 976 3
  183.7391 308 1
  183.8392 391 1
  183.8563 427 1
  189.6858 539 1
  189.8021 429 1
  189.82 490 1
  190.0551 811 2
  190.073 731 2
  190.3289 323 1
  190.4165 322 1
  190.4345 413 1
  196.9931 304 1
  199.7755 303 1
  200.1292 531 1
  200.165 322 1
  207.2067 374 1
  207.2373 768 2
  207.3573 443 1
  207.6283 479 1
  207.6488 953 3
  207.9384 365 1
  214.6561 332 1
  215.0899 684 2
  215.1223 955 3
  215.252 706 2
  215.4277 381 1
  215.5359 555 1
  215.5576 1429 4
  215.8639 609 2
  215.9942 423 1
  223.4318 719 2
  223.4804 347 1
  223.6034 431 1
  223.8926 356 1
  223.9298 1156 3
  224.2541 639 2
  224.3921 403 1
  231.9782 390 1
  232.2716 489 1
  232.3231 509 1
  241.3352 477 1
  241.6723 367 1
  241.698 664 2
  241.8524 309 1
  242.2164 459 1
  246.0011 449 1
  246.5334 477 1
  251.2699 344 1
  251.6554 500 1
  251.816 311 1
  252.2062 417 1
  256.1863 377 1
  256.2284 618 2
  256.6254 306 1
  256.7943 941 3
  257.1926 512 1
  267.0585 523 1
  267.122 427 1
  267.7093 793 2
  268.1333 608 2
  278.0696 521 1
  278.2243 342 1
  278.2561 688 2
  278.6417 413 1
  278.7093 1122 3
  278.9005 311 1
  278.9483 297 1
  279.1597 341 1
  279.3474 527 1
  279.3993 537 1
  290.3296 422 1
  290.3846 557 1
  290.5498 436 1
  290.5837 1056 3
  291.0334 720 2
  291.0631 1564 5
  291.2672 561 1
  291.3224 338 1
  291.548 455 1
  291.7526 893 3
  291.8037 544 1
  303.4774 370 1
  303.5317 369 1
  303.7127 398 1
  303.749 873 2
  304.2069 466 1
  304.2614 1465 4
  304.4431 302 1
  304.4795 578 1
  304.7751 406 1
  304.9618 368 1
  304.9937 1027 3
  315.1898 382 1
  315.2282 1090 3
  317.8297 394 1
  318.3198 318 1
  318.3781 775 2
  318.6116 312 1
  319.1621 616 2
  324.9217 407 1
  325.7047 323 1
  331.2298 4514 15
  332.2317 591 2
  333.2462 845 2
  339.6492 638 2
  339.9064 557 1
  340.4754 405 1
  340.513 1168 3
  341.1267 501 1
  341.3802 472 1
  341.4503 529 1
  347.2619 1066 3
  355.6823 337 1
  356.2626 500 1
  356.3317 1030 3
  357.2425 200054 679
  358.2436 35706 121
  358.2847 1655 5
  361.0682 330 1
  375.254 293909 999
  375.3128 10986 37
  376.2572 66748 226
  376.3413 1953 6
  376.9833 489 1
  393.5198 473 1
  393.5999 390 1
  393.9275 625 2
  394.5972 483 1
  394.6844 1314 4
  394.9998 331 1
  395.3897 313 1
  395.4435 588 1
  395.7127 474 1
  395.7666 919 3
  396.5288 363 1
  414.3828 301 1
  415.6413 515 1
  416.8109 356 1
  424.2098 431 1
  425.3557 405 1
  425.4158 713 2
  426.2653 348 1
  447.4985 459 1
  447.5957 849 2
  447.9848 406 1
  448.5125 440 1
  448.8377 803 2
  448.9028 1434 4
  449.7584 540 1
  449.8237 837 2
  450.2157 609 2
  450.3138 479 1
  456.3415 372 1
  470.3586 432 1
  472.8645 627 2
  472.9701 796 2
  474.3592 210955 717
  475.3601 69996 237
  476.3615 562 1
  476.8213 500 1
  480.3413 400 1
  498.3547 1731 5
  499.3585 699 2
  500.3639 373 1
  500.4405 627 2
  500.5554 325 1
  500.9485 319 1
  501.0156 421 1
  501.986 525 1
  502.1111 1238 4
  503.1233 570 1
  503.2006 915 3
  503.5871 576 1
  503.6644 893 3
  504.7589 468 1
//
