ACCESSION: MSBNK-mFam-MC23_000725
RECORD_TITLE: CORTISOL; LC-ESI-QTOF; MS2; CE: 40;  [M+H]+
DATE: 2023.02.21
AUTHORS: Katyeny Manuela da Silva, Elias Iturrospe, Maria van de Lavoir, Rani Robeyns
LICENSE: CC BY
PUBLICATION: NA
COMMENT: CONFIDENCE Pure standard
CH$NAME: CORTISOL
CH$COMPOUND_CLASS: NA
CH$FORMULA: C21H30O5
CH$EXACT_MASS: 362.20932
CH$SMILES: [H][C@@]12CC[C@@](O)(C(=O)CO)[C@@]1(C)C[C@H](O)[C@@]1([H])[C@@]2([H])CCC2=CC(=O)CC[C@]12C
CH$IUPAC: InChI=1S/C21H30O5/c1-19-7-5-13(23)9-12(19)3-4-14-15-6-8-21(26,17(25)11-22)20(15,2)10-16(24)18(14)19/h9,14-16,18,22,24,26H,3-8,10-11H2,1-2H3/t14-,15-,16-,18+,19-,20-,21+/m0/s1
CH$LINK: INCHIKEY JYGXADMDTFJGBT-CZFMHFDVSA-N
AC$INSTRUMENT: Agilent 6530 Q-TOF LC/MS
AC$INSTRUMENT_TYPE: LC-ESI-QTOF
AC$MASS_SPECTROMETRY: MS_TYPE MS2
AC$MASS_SPECTROMETRY: ION_MODE POSITIVE
AC$MASS_SPECTROMETRY: IONIZATION ESI
AC$MASS_SPECTROMETRY: COLLISION_ENERGY 40
AC$CHROMATOGRAPHY: COLUMN_NAME NA
AC$CHROMATOGRAPHY: RETENTION_TIME 0.200 min
MS$FOCUSED_ION: BASE_PEAK 363.21302
MS$FOCUSED_ION: PRECURSOR_M/Z 363.21302
MS$FOCUSED_ION: PRECURSOR_TYPE [M+H]+
MS$FOCUSED_ION: PRECURSOR_INTENSITY 101.5
MS$DATA_PROCESSING: RECALIBRATE loess on assigned fragments and MS1
MS$DATA_PROCESSING: REANALYZE Peaks with additional N2/O included
MS$DATA_PROCESSING: WHOLE RMassBank 3.7.1
PK$SPLASH: splash10-0159-0290000000-0c076dadaebfe9c5f664
PK$NUM_PEAK: 218
PK$PEAK: m/z int. rel.int.
  41.057 102 15
  42.0099 102.5 15
  43.0526 104.5 15
  45.038 105 15
  49.0284 105.5 15
  51.0349 107 16
  53.0503 108.4 16
  54.04 108.5 16
  55.0602 110.5 16
  57.0554 111.5 16
  59.0508 112 16
  61.0358 112.3 16
  65.0511 113 16
  66.0441 113.4 17
  67.0844 114 17
  69.0775 114.5 17
  69.4042 114.8 17
  71.0588 115 17
  77.0674 118 17
  77.3695 118.4 17
  78.0516 119 17
  79.0879 119.5 17
  79.2357 121 18
  79.3225 122.8 18
  80.0618 124 18
  81.0855 126 18
  83.0793 126.3 18
  85.0471 129 19
  91.1804 130.2 19
  91.5323 131.2 19
  92.0677 131.6 19
  93.0934 132.1 19
  93.2584 132.8 19
  94.0457 133.1 20
  95.1058 136 20
  97.1055 138.2 20
  99.0641 138.7 20
  103.0769 139.3 20
  104.0684 143.5 21
  105.1088 144.8 21
  105.4101 145.8 21
  105.5941 147.8 22
  106.0923 148 22
  107.1041 148.8 22
  108.0671 149 22
  109.1033 150.6 22
  109.7057 152 22
  111.0858 152.6 22
  113.0419 156.1 23
  115.0794 159.2 23
  116.0775 161.7 24
  117.1127 162.4 24
  117.3809 162.6 24
  118.0898 170.2 25
  119.1268 170.8 25
  119.393 170.8 25
  120.0849 171.8 25
  121.3664 171.9 25
  121.9289 176.7 26
  122.0829 180.4 27
  123.1152 184.5 27
  123.2869 186.3 27
  125.0752 187.3 28
  126.077 187.8 28
  127.0732 191.3 28
  128.0993 192 28
  128.4628 194.7 29
  129.1067 199.6 29
  129.527 206 30
  130.1049 206.6 31
  130.4811 207.5 31
  131.1443 207.6 31
  131.4107 211.4 31
  132.0899 211.5 31
  133.1129 212.4 31
  133.3278 215.5 32
  134.0933 223 33
  135.1173 225.6 33
  135.6607 225.8 33
  137.0964 227.2 34
  139.0797 228.8 34
  141.1045 232.9 34
  142.1207 233.6 35
  142.6199 234.4 35
  143.1421 235.8 35
  144.0987 236.8 35
  145.1291 246.8 37
  145.4019 248 37
  146.1146 252.1 37
  147.2309 252.2 37
  148.127 257.9 38
  149.1052 290.5 43
  151.0887 290.8 43
  152.073 291.5 43
  153.096 310.1 46
  154.101 311.5 46
  155.1308 312.8 46
  155.5094 313.9 47
  156.1174 316.5 47
  156.881 318.9 47
  157.1323 320.3 48
  157.6932 335.2 50
  158.1109 347.1 52
  159.1431 352.2 52
  160.1134 357.8 53
  161.1375 358.3 53
  162.1102 361.1 54
  163.1334 372.1 55
  164.1158 374.9 56
  165.1011 398.2 59
  166.0967 402 60
  167.1139 406.5 61
  167.8259 409.5 61
  168.1193 409.7 61
  169.1277 417.9 62
  170.1092 418.9 62
  171.131 420.3 63
  172.1296 427.5 64
  173.1424 430.9 64
  174.1204 430.9 64
  175.1353 437 65
  176.1226 440.8 66
  177.128 442.9 66
  178.1057 453.6 68
  179.1167 455.6 68
  180.1229 460.2 69
  181.1242 462.1 69
  182.1167 482.8 72
  183.143 486 73
  184.1254 486.5 73
  185.1456 499.1 74
  186.1568 501.2 75
  187.1394 504.2 75
  188.1168 507.8 76
  189.1125 520.7 78
  190.0958 527.3 79
  191.1077 532.6 80
  192.1192 543.7 81
  192.9901 547.9 82
  193.1294 559.9 84
  194.1263 568.8 85
  195.1377 572.2 85
  196.1357 648.4 97
  197.1483 663.7 99
  198.1434 665 99
  199.1531 669.6 100
  200.137 670.6 100
  201.1558 683.1 102
  203.1236 690.5 103
  204.0927 713 107
  205.1174 717 107
  206.1364 733.3 110
  207.1292 749.7 112
  208.1449 763.9 114
  209.1466 770.6 115
  210.1341 784.6 117
  211.1572 794.4 119
  212.141 811.3 121
  213.1523 850.2 127
  214.1366 864.5 129
  215.1273 886.4 133
  216.1372 925.9 139
  217.1157 930.3 139
  218.1091 936 140
  219.1387 936.7 140
  220.1197 1014.3 152
  221.1412 1107.4 166
  222.1181 1151 172
  223.1571 1180.9 177
  224.1342 1192.5 179
  225.165 1193.4 179
  226.1636 1249.5 187
  227.1689 1282.2 192
  228.1584 1297.9 195
  229.1283 1300.4 195
  230.1022 1341.6 201
  231.1336 1350.8 202
  233.1463 1362.2 204
  234.1318 1365.4 205
  235.1545 1491.6 224
  236.1267 1544 231
  237.1538 1601.2 240
  238.1521 1601.6 240
  239.1659 1658.6 249
  240.164 1674.1 251
  241.182 1690.5 254
  242.1755 1741.3 261
  243.162 1839 276
  245.1455 1927.1 289
  247.1552 2056.5 309
  248.1427 2096.8 315
  249.1594 2122.1 318
  250.1328 2235.7 335
  251.1718 2280.9 342
  252.1628 2343.2 352
  253.1876 2418.6 363
  254.1872 2422.5 364
  255.175 2523.3 379
  258.1406 2648.6 397
  261.1419 2770.3 416
  263.1694 2788.5 419
  265.1628 2801.1 420
  266.1576 2894.9 434
  267.1918 2906.3 436
  268.1998 2972.9 446
  269.1674 2979.9 447
  271.1739 3027.8 454
  273.1689 3125.5 469
  279.169 3557.8 534
  281.1835 3994.1 600
  283.1522 6648.3 999
  284.1705 102 15
  285.1762 102.5 15
  286.203 104.5 15
  291.1838 105 15
  294.1496 105.5 15
  297.1947 107 16
  299.1888 108.4 16
//
