ACCESSION: MSBNK-mFam-MC02_000286
RECORD_TITLE: Coenzyme Q6 (S. cerevisiae); ESI-TOF; MS2; CE: 0.6458333;  [M+H]+
DATE: 2023.03.06
AUTHORS: C. Broeckling, Colorado State University Proteomics and Metabolomics Facility
LICENSE: CC BY
PUBLICATION: Broeckling CD;Ganna A;Layer M;Brown K;Sutton B;Ingelsson E;Peers G;Prenni JE; (n.d.). Enabling efficient and confident annotation of LC-MS metabolomics data through MS1 Spectrum and time prediction. Analytical chemistry.
COMMENT: CONFIDENCE Pure standard
CH$NAME: Coenzyme Q6 (S. cerevisiae)
CH$COMPOUND_CLASS: NA
CH$FORMULA: C39H58O4
CH$EXACT_MASS: 590.43351
CH$SMILES: [H]C(=C(C([H])([H])[H])C([H])([H])C([H])([H])C([H])=C(C([H])([H])[H])C([H])([H])C([H])([H])C([H])=C(C([H])([H])[H])C([H])([H])C([H])([H])C([H])=C(C([H])([H])[H])C([H])([H])C([H])([H])C([H])=C(C([H])([H])[H])C([H])([H])C([H])([H])C([H])=C(C([H])([H])[H])C([H])([H])[H])C([H])([H])C=1C(=O)C(OC([H])([H])[H])=C(OC([H])([H])[H])C(=O)C=1C([H])([H])[H]
CH$IUPAC: InChI=1S/C39H58O4/c1-28(2)16-11-17-29(3)18-12-19-30(4)20-13-21-31(5)22-14-23-32(6)24-15-25-33(7)26-27-35-34(8)36(40)38(42-9)39(43-10)37(35)41/h16,18,20,22,24,26H,11-15,17,19,21,23,25,27H2,1-10H3
CH$LINK: INCHIKEY GXNFPEOUKFOTKY-UHFFFAOYSA-N
AC$INSTRUMENT: waters xevo g2 TOF
AC$INSTRUMENT_TYPE: ESI-TOF
AC$MASS_SPECTROMETRY: MS_TYPE MS2
AC$MASS_SPECTROMETRY: ION_MODE POSITIVE
AC$MASS_SPECTROMETRY: IONIZATION ESI
AC$MASS_SPECTROMETRY: COLLISION_ENERGY 0.6458333
AC$CHROMATOGRAPHY: COLUMN_NAME Acquity CSHC18
AC$CHROMATOGRAPHY: RETENTION_TIME 11.816 min
MS$FOCUSED_ION: BASE_PEAK 591.44151
MS$FOCUSED_ION: PRECURSOR_M/Z 591.44151
MS$FOCUSED_ION: PRECURSOR_TYPE [M+H]+
MS$DATA_PROCESSING: RECALIBRATE loess on assigned fragments and MS1
MS$DATA_PROCESSING: REANALYZE Peaks with additional N2/O included
MS$DATA_PROCESSING: WHOLE RMassBank 3.7.1
PK$SPLASH: splash10-0005-1931050000-c439bbf75cc3b8bde998
PK$NUM_PEAK: 216
PK$PEAK: m/z int. rel.int.
  67.0552 1489 5
  77.0392 2035 7
  79.0551 6857 24
  81.0706 41869 150
  82.0739 2107 7
  83.0862 7075 25
  91.055 6700 24
  93.0703 14081 50
  95.0862 50473 181
  96.0895 3544 12
  97.1017 8310 29
  105.0702 8452 30
  107.0859 23187 83
  108.0576 1803 6
  109.1017 47629 171
  110.1051 3340 12
  111.0808 10190.5 36
  119.0859 14837 53
  121.1018 35608 128
  122.105 1552 5
  123.1176 37755 135
  124.1206 3076 11
  125.132 1468 5
  133.1015 14551 52
  134.1058 1574 5
  135.1172 33813 121
  136.0864 7205 25
  137.0962 15838.5 56
  138.1356 2250 8
  139.0393 6034 21
  143.0513 2198 7
  145.1025 7657 27
  147.0916 11209 40
  148.1212 2225 8
  149.0798 17621.3 63
  151.1122 8975.5 32
  153.0549 1614 5
  154.063 31156 112
  155.0672 3473 12
  157.1 2458 8
  159.1171 9727 35
  160.1211 1193 4
  161.1082 7450 26
  162.1362 1983 7
  163.1488 31773 114
  164.1001 4174.5 15
  165.1641 2140 7
  167.0712 8098 29
  169.0876 11695 42
  171.0663 2229 8
  173.0964 6940 24
  175.1127 11188 40
  176.1517 1585 5
  177.164 27512 99
  178.1677 2867 10
  181.0866 40227 144
  182.0574 10803 38
  187.148 10793 38
  188.1526 1674 6
  189.1283 10639.5 38
  190.1677 2495 8
  191.1257 9906 35
  192.1828 2279 8
  193.1965 1371 4
  195.1015 11197 40
  196.0737 2801 10
  197.0818 277616.5 999
  198.0846 63884 229
  199.117 5208.5 18
  201.1278 5454 19
  203.1435 13342.5 48
  204.1829 3521 12
  205.1401 7953 28
  207.102 6984 25
  209.0818 5734 20
  211.0971 10423 37
  213.1641 3107 11
  215.143 6265 22
  217.1405 9630.5 34
  218.2002 3131 11
  219.1468 4501.5 16
  221.1013 15429 55
  222.0856 5335 19
  223.0967 12227 43
  225.1111 3168 11
  227.1789 1934 6
  229.1954 6484 23
  231.1565 15941 57
  232.1595 1963 7
  233.1178 9242 33
  235.0986 10520 37
  237.1125 33548 120
  238.1157 4516 16
  241.1955 2164 7
  243.2115 7334 26
  245.173 11098.5 39
  246.2303 1421 5
  247.1875 4774.5 17
  249.1133 5159 18
  251.1288 9343 33
  252.1303 1380 4
  255.2118 2990 10
  257.1717 4827.5 17
  258.2312 1761 6
  259.1351 6213.7 22
  260.2452 1621 5
  261.1107 4289 15
  263.1285 17384 62
  264.1312 2416 8
  268.0006 6204 22
  269.1132 3151.5 11
  271.1877 6265 22
  272.2477 1564 5
  273.2026 5510.5 19
  274.0516 5566 20
  275.145 3512 12
  277.1434 5564 20
  279.0472 2086 7
  281.103 9646 34
  282.052 4554 16
  283.1452 2534 9
  285.2034 5631.5 20
  287.165 7215 25
  289.1422 1212 4
  291.1621 3895 14
  299.2191 5863 21
  300.1657 1300 4
  301.2348 4731.5 17
  303.1588 4509 16
  305.1765 6182 22
  309.1861 2861 10
  311.2754 1668 6
  313.2078 4177.3 15
  315.1956 2833 10
  316.0555 13892 49
  316.5566 7788 28
  317.1248 3658.7 13
  323.1989 5730 20
  324.2074 2792 10
  325.2879 2308 8
  327.1544 3495.7 12
  329.3215 1199 4
  331.1908 7394 26
  333.21 2875 10
  335.1995 3381 12
  339.2504 3207 11
  341.2669 4168 14
  342.1128 2074 7
  345.2043 2670 9
  352.678 1393 5
  353.2655 2568 9
  354.2136 1583 5
  355.2273 9640 34
  356.1511 15923 57
  358.0709 4591 16
  359.2262 1188 4
  365.2111 1196 4
  367.2264 2747 9
  369.2395 1806 6
  371.2626 2847 10
  371.7183 1864 6
  373.2371 2135 7
  374.2405 714 2
  381.2968 3912.5 14
  383.3685 1428 5
  391.2649 1329 4
  395.3671 13062 47
  396.37 3806 13
  399.2518 2937 10
  400.9848 4752 17
  407.3666 3888 13
  409.3817 3817 13
  415.036 4707 16
  423.2921 2390 8
  427.2866 1624 5
  439.2422 2345 8
  441.3009 4264 15
  453.3028 1282 4
  455.3169 1960 7
  463.322 1272 4
  467.3163 4040 14
  473.1547 1775 6
  477.3291 1804 6
  481.333 2533 9
  482.3334 868 3
  491.3506 2257 8
  495.3474 4307 15
  496.3493 678 2
  507.3447 858 3
  509.3643 12573 45
  510.3678 5198 18
  511.3756 1381 4
  515.2427 2247 8
  523.377 2050 7
  527.3879 2741 9
  531.2514 1518 5
  535.3783 3500 12
  536.3819 834 3
  538.3984 2056 7
  541.404 16578 59
  542.4086 8364 30
  543.4113 1932 6
  545.4341 11255 40
  546.4374 4640 16
  555.1707 599 2
  559.4149 28715 103
  560.418 15808 56
  561.4244 4978 17
  563.3479 3062 11
  573.4313 74175 266
  574.435 29907 107
  575.4342 3695 13
  578.1307 331 1
  590.3911 1474 5
  591.4409 229750 826
  592.4448 96766 348
//
