ACCESSION: MSBNK-mFam-MC02_000686
RECORD_TITLE: Uvaol; ESI-TOF; MS2; CE: 0.6458333;  [M+H]+
DATE: 2023.03.06
AUTHORS: C. Broeckling, Colorado State University Proteomics and Metabolomics Facility
LICENSE: CC BY
PUBLICATION: Broeckling CD;Ganna A;Layer M;Brown K;Sutton B;Ingelsson E;Peers G;Prenni JE; (n.d.). Enabling efficient and confident annotation of LC-MS metabolomics data through MS1 Spectrum and time prediction. Analytical chemistry.
COMMENT: CONFIDENCE Pure standard
CH$NAME: Uvaol
CH$COMPOUND_CLASS: NA
CH$FORMULA: C30H50O2
CH$EXACT_MASS: 442.38108
CH$SMILES: CC1CCC2(CO)CCC3(C)C(=CCC4C5(C)CCC(O)C(C)(C)C5CCC34C)C2C1C
CH$IUPAC: InChI=1S/C30H50O2/c1-19-10-15-30(18-31)17-16-28(6)21(25(30)20(19)2)8-9-23-27(5)13-12-24(32)26(3,4)22(27)11-14-29(23,28)7/h8,19-20,22-25,31-32H,9-18H2,1-7H3
CH$LINK: INCHIKEY XUARCIYIVXVTAE-UHFFFAOYSA-N
AC$INSTRUMENT: waters xevo g2 TOF
AC$INSTRUMENT_TYPE: ESI-TOF
AC$MASS_SPECTROMETRY: MS_TYPE MS2
AC$MASS_SPECTROMETRY: ION_MODE POSITIVE
AC$MASS_SPECTROMETRY: IONIZATION ESI
AC$MASS_SPECTROMETRY: COLLISION_ENERGY 0.6458333
AC$CHROMATOGRAPHY: COLUMN_NAME Acquity CSHC18
AC$CHROMATOGRAPHY: RETENTION_TIME 6.978 min
MS$FOCUSED_ION: BASE_PEAK 443.38908
MS$FOCUSED_ION: PRECURSOR_M/Z 443.38908
MS$FOCUSED_ION: PRECURSOR_TYPE [M+H]+
MS$DATA_PROCESSING: RECALIBRATE loess on assigned fragments and MS1
MS$DATA_PROCESSING: REANALYZE Peaks with additional N2/O included
MS$DATA_PROCESSING: WHOLE RMassBank 3.7.1
PK$SPLASH: splash10-0597-2920100000-eca468cfc262a035c95f
PK$NUM_PEAK: 121
PK$PEAK: m/z int. rel.int.
  67.0552 79911 24
  69.0708 208634 64
  77.0394 13032 4
  79.055 167433 52
  80.0593 3802 1
  81.0706 575854 179
  83.0862 139549 43
  91.0548 208123 64
  93.0704 162770 50
  95.0861 2048813 638
  96.0894 33636 10
  97.1018 29910 9
  105.0704 500330 155
  106.074 35201 10
  107.086 1112131 346
  108.0285 16306.5 5
  109.1017 1397205 435
  110.1051 23541 7
  111.1172 64509 20
  117.0703 11895 3
  119.0861 176971 55
  120.0898 4416 1
  121.1016 1737461 541
  122.1051 44009 13
  123.1172 571219 177
  124.1208 6868 2
  125.0963 95516 29
  133.1016 656011 204
  135.1173 1230748 383
  136.1207 112423 35
  137.1329 242184 75
  139.1121 203577 63
  140.1156 4843 1
  143.0862 6351 1
  145.1016 27221 8
  146.1057 12014 3
  147.0994 650236 202
  148.121 56251 17
  150.1363 48399 15
  153.1278 4436 1
  157.1016 7278 2
  159.1174 45789 14
  160.1218 8207 2
  161.1328 126439 39
  162.1366 47969 14
  163.1484 189929 59
  164.152 71403 22
  165.1632 23353 7
  173.1326 58370 18
  174.1381 12219 3
  175.1484 84197 26
  176.1519 11392 3
  177.1642 120742 37
  178.1675 23798 7
  179.1433 45953 14
  180.146 3786 1
  187.1485 71987 22
  189.1641 109207 34
  191.1799 3207329 999
  192.1832 404718 126
  193.1599 14449 4
  201.1642 66823 20
  203.1798 193447 60
  204.1832 32776 10
  205.1954 97036 30
  206.1991 39701 12
  207.1748 54580 17
  209.1897 3283 1
  215.1798 189298 58
  217.1954 1142484 355
  218.1988 215585 67
  221.1902 213137 66
  222.1935 12124 3
  229.1954 28478 8
  231.2111 48442 15
  233.1905 41540 12
  235.206 526634 164
  236.2094 58706 18
  237.2129 4269 1
  243.2105 14517 4
  245.2269 45492 14
  249.2214 45434 14
  255.2113 8795 2
  257.2265 11780 3
  258.2299 3390 1
  261.2217 20272 6
  263.2371 35369 11
  269.2266 10880 3
  271.2426 12427 3
  273.2572 4849 1
  283.2429 37348 11
  285.2583 14897 4
  287.2391 3492 1
  297.2748 55136 17
  299.2727 8425 2
  303.2682 4237 1
  311.2738 19138 5
  315.2696 27682 8
  329.2032 58489 18
  330.2878 18202 5
  331.2991 5691 1
  341.2853 17229 5
  393.3524 14038 4
  394.3547 4325 1
  395.3677 29777 9
  396.3714 15927 4
  397.3827 34268 10
  407.3679 496116 154
  408.371 32243 10
  411.3635 58250 18
  412.3668 17347 5
  413.3781 30731 9
  414.3815 33299 10
  415.3835 3805 1
  425.3783 1102910 343
  426.3815 91104 28
  427.3846 32102 9
  439.3582 60289 18
  440.3613 19011 5
  443.3889 132703 41
  444.3923 65780 20
//
