ACCESSION: MSBNK-mFam-MC02_000669
RECORD_TITLE: Guaiacol; ESI-TOF; MS2; CE: 6.0000000;  [M+H]+
DATE: 2023.03.06
AUTHORS: C. Broeckling, Colorado State University Proteomics and Metabolomics Facility
LICENSE: CC BY
PUBLICATION: Broeckling CD;Ganna A;Layer M;Brown K;Sutton B;Ingelsson E;Peers G;Prenni JE; (n.d.). Enabling efficient and confident annotation of LC-MS metabolomics data through MS1 Spectrum and time prediction. Analytical chemistry.
COMMENT: CONFIDENCE Pure standard
CH$NAME: Guaiacol
CH$COMPOUND_CLASS: NA
CH$FORMULA: C7H8O2
CH$EXACT_MASS: 124.05243
CH$SMILES: COC1=CC=CC=C1O
CH$IUPAC: InChI=1S/C7H8O2/c1-9-7-5-3-2-4-6(7)8/h2-5,8H,1H3
CH$LINK: INCHIKEY LHGVFZTZFXWLCP-UHFFFAOYSA-N
AC$INSTRUMENT: waters xevo g2 TOF
AC$INSTRUMENT_TYPE: ESI-TOF
AC$MASS_SPECTROMETRY: MS_TYPE MS2
AC$MASS_SPECTROMETRY: ION_MODE POSITIVE
AC$MASS_SPECTROMETRY: IONIZATION ESI
AC$MASS_SPECTROMETRY: COLLISION_ENERGY 6.0000000
AC$CHROMATOGRAPHY: COLUMN_NAME Acquity CSHC18
AC$CHROMATOGRAPHY: RETENTION_TIME 2.241 min
MS$FOCUSED_ION: BASE_PEAK 125.06043
MS$FOCUSED_ION: PRECURSOR_M/Z 125.06043
MS$FOCUSED_ION: PRECURSOR_TYPE [M+H]+
MS$DATA_PROCESSING: RECALIBRATE loess on assigned fragments and MS1
MS$DATA_PROCESSING: REANALYZE Peaks with additional N2/O included
MS$DATA_PROCESSING: WHOLE RMassBank 3.7.1
PK$SPLASH: splash10-00kb-0391000000-8c5f9095dcd323e97a79
PK$NUM_PEAK: 117
PK$PEAK: m/z int. rel.int.
  77.0395 11944 60
  95.0494 48370 244
  96.053 2251 11
  101.0603 4200 21
  109.0283 6681 33
  115.0653 2076 10
  116.0543 1070 5
  123.0442 70083 353
  124.0509 27644 139
  125.0601 15336 77
  128.0491 376 1
  129.0551 7032 35
  130.011 2016 10
  135.5344 5485 27
  137.0141 625 3
  139.9883 6070 30
  143.0707 18651 94
  146.0337 34313 173
  147.5648 796 4
  148.5451 5144 25
  149.0267 963 4
  153.0528 2718 13
  156.5317 926 4
  157.0669 4654 23
  158.1303 766.5 3
  162.999 2066.5 10
  168.0411 4552 22
  172.9832 21247 107
  176.5415 2997 15
  177.0516 4274 21
  178.0483 923 4
  179.9875 19369 97
  183.0445 59115 298
  184.051 18699 94
  184.5562 1480 7
  185.0598 25082 126
  186.0653 2816 14
  187.0756 10847 54
  195.0262 8326 42
  195.9819 8296 41
  204.9821 5758 29
  208.9826 10398 52
  209.9985 20652 104
  212.0146 8982 45
  215.0706 191041 964
  216.074 28474 143
  220.0073 1820 9
  221.0138 6773 34
  222.0498 2908.7 14
  223.9772 85745 432
  224.9802 9286 46
  229.0847 10411 52
  231.038 3169 15
  232.0382 3402.5 17
  236.082 25961 131
  237.0866 1312 6
  242.0976 1871 9
  245.0805 197952 999
  245.5689 617 3
  246.0884 155462 784
  247.0615 93264.5 470
  248.0995 28670 144
  249.1029 2655 13
  251.1123 2909 14
  253.0766 2032 10
  268.07 54592 275
  269.0322 98461 496
  270.0503 16700 84
  272.0048 2365.5 11
  275.0248 988 4
  283.1169 2647 13
  286.5836 2152 10
  287.0007 14245 71
  299.0904 6999 35
  300.026 5907 29
  302.024 86426 436
  303.0229 20981 105
  304.0298 1998 10
  305.0456 768 3
  307.0024 2635 13
  320.041 4735 23
  323.0279 1601 8
  329.0586 1295.5 6
  331.0486 12988 65
  343.0506 5742 28
  344.0404 3915 19
  346.0147 43391 218
  347.0197 21597 108
  351.0232 839 4
  357.0756 876 4
  358.036 1424 7
  367.0127 711 3
  369.1334 9114 45
  370.1355 1243 6
  372.9889 1027 5
  387.0055 956 4
  391.1153 5530 27
  395.0483 2135.5 10
  398.0333 1106 5
  401.9844 739 3
  423.0471 852 4
  424.0605 22120 111
  425.0646 6676 33
  426.0994 1158 5
  511.1387 5123 25
  512.1417 6111 30
  513.1506 4364 22
  515.1643 925 4
  517.116 2634 13
  519.1201 2026 10
  534.1495 12946 65
  546.0993 6532 32
  547.1057 5187 26
  548.0995 1522 7
  549.1022 2684 13
  569.3142 2337 11
  570.3169 635 3
//
