ACCESSION: MSBNK-mFam-MC11_000245
RECORD_TITLE: Herbacetin 8-methyl ether; LC-ESI-QTOF; MS2; CE: 50eV;  [M-H]-
DATE: 2023.04.05
AUTHORS: Jörg Ziegler, Leibniz-Institute of Plant Biochemistry, Halle, Germany
LICENSE: CC BY
PUBLICATION: NA
COMMENT: CONFIDENCE Pure standard
CH$NAME: Herbacetin 8-methyl ether
CH$COMPOUND_CLASS: Flavonol
CH$FORMULA: C16H12O7
CH$EXACT_MASS: 316.0583
CH$SMILES: COC1=C(C=C(C2=C1OC(=C(C2=O)O)C3=CC=C(C=C3)O)O)O
CH$IUPAC: InChI=1S/C16H12O7/c1-22-15-10(19)6-9(18)11-12(20)13(21)14(23-16(11)15)7-2-4-8(17)5-3-7/h2-6,17-19,21H,1H3
CH$LINK: INCHIKEY AZFYHRHUTXBGJS-UHFFFAOYSA-N
AC$INSTRUMENT: TIMS-TOF Pro, Bruker Daltonik; Elute UHPLC System, Bruker Daltonik
AC$INSTRUMENT_TYPE: LC-ESI-QTOF
AC$MASS_SPECTROMETRY: MS_TYPE MS2
AC$MASS_SPECTROMETRY: ION_MODE NEGATIVE
AC$MASS_SPECTROMETRY: IONIZATION ESI
AC$MASS_SPECTROMETRY: COLLISION_ENERGY 50eV
AC$CHROMATOGRAPHY: COLUMN_NAME Acquity CSHC18
AC$CHROMATOGRAPHY: RETENTION_TIME 7.465 min
MS$FOCUSED_ION: BASE_PEAK 315.0441
MS$FOCUSED_ION: PRECURSOR_M/Z 315.0441
MS$FOCUSED_ION: PRECURSOR_TYPE [M-H]-
MS$FOCUSED_ION: PRECURSOR_INTENSITY 391081.8
MS$DATA_PROCESSING: RECALIBRATE loess on assigned fragments and MS1
MS$DATA_PROCESSING: REANALYZE Peaks with additional N2/O included
MS$DATA_PROCESSING: WHOLE RMassBank 3.7.1
PK$SPLASH: splash10-0udi-2309000000-d940a637f600b4eb12d6
PK$NUM_PEAK: 158
PK$PEAK: m/z int. rel.int.
  22.3797 250 2
  29.3592 111 1
  32.5433 182 1
  40.7958 219 2
  41.8346 168 1
  47.4729 198 2
  49.2458 220 2
  51.0231 206 2
  54.0085 307 3
  55.8513 165 1
  59.8209 155 1
  62.1766 190 1
  63.0236 242 2
  65.0016 8237 84
  65.1339 199 2
  66.0098 5268 54
  67.0179 594 6
  68.0194 137 1
  68.9969 643 6
  73.1868 107 1
  77.0387 371 3
  78.0091 226 2
  79.0178 682 7
  79.6822 147 1
  82.0043 8422 86
  82.4446 132 1
  82.8331 119 1
  83.0126 260 2
  84.1455 119 1
  91.016 240 2
  92.0251 490 5
  92.9972 273 2
  94.0035 467 4
  94.4642 147 1
  95.0121 1117 11
  96.4282 140 1
  98.2123 157 1
  99.0077 185 1
  105.0333 1180 12
  106.0051 223 2
  107.0124 824 8
  107.4352 168 1
  108.9902 224 2
  109.3444 162 1
  109.9825 11521.5 118
  110.1256 113 1
  110.2961 146 1
  110.4999 110 1
  110.6707 102 1
  111.0076 3122 32
  111.5233 102 1
  111.8065 175 1
  117.0329 104 1
  120.0231 267 2
  120.9907 277 2
  122.6771 169 1
  123.0074 1874 19
  124.0114 150 1
  124.9861 258 2
  125.9893 130 1
  129.0302 450 4
  130.0388 819 8
  131.0494 473 4
  132.0187 712 7
  133.0279 1193 12
  134.019 165 1
  135.0046 803 8
  136.9849 1313 13
  137.9925 1736 17
  139.0001 2205 22
  139.2363 115 1
  140.0095 114 1
  141.0319 206 2
  142.9012 140 1
  145.769 164 1
  147.0416 154 1
  149.474 191 1
  149.9911 239 2
  151.0046 268 2
  153.0303 172 1
  154.0404 676 6
  154.8516 195 2
  155.0597 235 2
  157.0273 5169 53
  157.2862 108 1
  157.6741 167 1
  158.0326 381 3
  159.2321 247 2
  159.692 151 1
  161.288 176 1
  164.0046 142 1
  164.9814 297 3
  165.9874 4890 50
  166.1927 185 1
  166.453 153 1
  166.9965 1144 11
  167.9985 252 2
  169.19 223 2
  171.0429 514 5
  172.1541 294 3
  173.02 292 3
  174.0294 996 10
  175.0334 144 1
  176.7838 108 1
  178.994 266 2
  181.0121 570 5
  182.0339 135 1
  183.0437 443 4
  184.0455 111 1
  185.0179 124 1
  187.0351 315 3
  187.8857 189 1
  193.9815 296 3
  194.9115 104 1
  199.0386 345 3
  200.0408 215 2
  201.0277 108 1
  203.029 230 2
  205.038 116 1
  207.9972 133 1
  210.5267 144 1
  211.0418 292 3
  215.0277 146 1
  216.0393 1091 11
  217.0462 169 1
  228.0393 612 6
  229.0094 410 4
  242.019 162 1
  243.0258 322 3
  244.0346 1023 10
  245.0381 261 2
  255.0253 610 6
  256.0335 790 8
  257.0386 214 2
  271.0598 162 1
  272.029 3984 41
  273.0337 535 5
  287.0514 947 9
  288.054 102 1
  299.8807 198 2
  299.9517 224 2
  300.0227 96921 999
  300.2412 241 2
  300.4776 270.6 2
  300.7797 251 2
  300.8767 190.5 1
  301.0258 11820 121
  301.2091 139 1
  301.3159 127 1
  301.3843 104 1
  301.502 121 1
  301.8306 122 1
  302.0252 1255 12
  314.9489 214 2
  315.0469 27826 286
  315.212 139 1
  315.359 160.5 1
  315.5284 132 1
//
