ACCESSION: MSBNK-mFam-MC25_000104
RECORD_TITLE: quercetin 3,7,3'-trimethylether; LC-ESI-ITFT; MS2; CE: 0.3;  [M-H]-
DATE: 2023.03.31
AUTHORS: Maria Halabalaki, Division of Pharmacognosy and Natural Products Chemistry, University of Athens, Greece
LICENSE: CC BY
PUBLICATION: NA
COMMENT: CONFIDENCE Pure standard
CH$NAME: quercetin 3,7,3'-trimethylether
CH$COMPOUND_CLASS: flavonols
CH$FORMULA: C18H16O7
CH$EXACT_MASS: 344.0896
CH$SMILES: COC1=CC(=C2C(=C1)OC(=C(C2=O)OC)C3=CC(=C(C=C3)O)OC)O
CH$IUPAC: InChI=1S/C18H16O7/c1-22-10-7-12(20)15-14(8-10)25-17(18(24-3)16(15)21)9-4-5-11(19)13(6-9)23-2/h4-8,19-20H,1-3H3
CH$LINK: INCHIKEY KQFUXLQBMQGNRT-UHFFFAOYSA-N
AC$INSTRUMENT: LTQ-Orbitrap XL hybrid mass spectrometer (Thermo Scientific)
AC$INSTRUMENT_TYPE: LC-ESI-ITFT
AC$MASS_SPECTROMETRY: MS_TYPE MS2
AC$MASS_SPECTROMETRY: ION_MODE NEGATIVE
AC$MASS_SPECTROMETRY: IONIZATION ESI
AC$MASS_SPECTROMETRY: COLLISION_ENERGY 0.3
AC$CHROMATOGRAPHY: COLUMN_NAME Acquity CSHC18
AC$CHROMATOGRAPHY: RETENTION_TIME 12.017 min
MS$FOCUSED_ION: BASE_PEAK 343.0818
MS$FOCUSED_ION: PRECURSOR_M/Z 343.0818
MS$FOCUSED_ION: PRECURSOR_TYPE [M-H]-
MS$FOCUSED_ION: PRECURSOR_INTENSITY 5178745
MS$DATA_PROCESSING: RECALIBRATE loess on assigned fragments and MS1
MS$DATA_PROCESSING: REANALYZE Peaks with additional N2/O included
MS$DATA_PROCESSING: WHOLE RMassBank 3.7.1
PK$SPLASH: splash10-004i-0019000000-6a075d3ef1db51f3e525
PK$NUM_PEAK: 119
PK$PEAK: m/z int. rel.int.
  83.2079 6703 2
  88.6381 5734 2
  98.7299 6233 2
  101.6679 6549 2
  106.3312 7034 2
  128.2723 6459 2
  128.7876 6329 2
  135.9879 8122 3
  145.1692 7816 2
  155.5111 9647 3
  156.6806 7741 2
  158.4334 7727 2
  165.9149 6898 2
  167.0158 15855 6
  168.8227 8141 3
  169.171 8905 3
  169.6575 7822 2
  171.6492 8508 3
  172.3196 8652 3
  174.5258 7618 2
  177.1739 7729 2
  182.2443 8271 3
  182.4757 7490 2
  183.81 9786 3
  189.0161 9982 3
  191.0353 7436 2
  197.4399 7871 2
  199.6397 9696 3
  211.9982 8785 3
  215.176 8103 3
  215.4879 9142 3
  216.3545 9264 3
  216.9773 9147 3
  217.6854 9028 3
  219.5701 13919 5
  229.1114 7817 2
  230.6367 8113 3
  230.8585 7385 2
  241.1175 11590 4
  243.9809 10985 4
  244.8113 8742 3
  246.3957 10493 3
  248.5089 10909 4
  251.0009 9946 3
  251.3158 7933 3
  253.2772 11565 4
  253.4248 8279 3
  254.6596 9336 3
  254.8765 9767 3
  256.3861 8570 3
  259.5288 10262 3
  259.9093 10154 3
  260.9917 9037 3
  261.3287 8748 3
  261.7673 10261 3
  263.4902 9928 3
  264.3694 8456 3
  265.1675 11524 4
  266.3721 8266 3
  266.6249 9477 3
  266.6766 9432 3
  267.1814 10715 4
  267.3764 9437 3
  269.6765 13084 4
  271.2326 12302 4
  271.9112 12371 4
  273.3517 10943 4
  276.4715 8094 3
  277.3119 11799 4
  278.257 8822 3
  278.2855 10411 3
  281.2257 8875 3
  281.611 9026 3
  281.6923 10071 3
  282.427 8415 3
  285.9801 11052 4
  287.043 13089 4
  288.4205 11165 4
  289.2398 12542 4
  289.7165 11086 4
  290.2177 10125 3
  293.3875 9914 3
  295.2401 9802 3
  295.5378 10472 3
  295.9458 10605 4
  297.8015 10171 3
  297.8304 9177 3
  298.9029 9886 3
  301.4626 9143 3
  302.7927 9265 3
  304.3903 11980 4
  305.1404 14111 5
  306.4444 11107 4
  307.1522 8811 3
  308.1818 10152 3
  310.2107 10535 4
  311.8707 10070 3
  313.0331 28241 10
  313.6462 12156 4
  317.4888 10070 3
  319.607 9510 3
  319.8536 11435 4
  321.3332 10734 4
  323.8005 12469 4
  324.7197 12498 4
  324.8418 9473 3
  325.4898 12793 4
  328.0584 2627429 999
  329.2017 11107 4
  329.78 10637 4
  332.4738 10947 4
  332.9889 8454 3
  334.497 9565 3
  334.9991 8472 3
  336.2236 10604 4
  337.6139 8990 3
  338.4715 10462 3
  341.0428 10838 4
  343.1375 10132 3
//
