ACCESSION: MSBNK-mFam-MC02_000672
RECORD_TITLE: Guaifenesin; ESI-TOF; MS2; CE: 0.6458333;  [M+H]+
DATE: 2023.03.06
AUTHORS: C. Broeckling, Colorado State University Proteomics and Metabolomics Facility
LICENSE: CC BY
PUBLICATION: Broeckling CD;Ganna A;Layer M;Brown K;Sutton B;Ingelsson E;Peers G;Prenni JE; (n.d.). Enabling efficient and confident annotation of LC-MS metabolomics data through MS1 Spectrum and time prediction. Analytical chemistry.
COMMENT: CONFIDENCE Pure standard
CH$NAME: Guaifenesin
CH$COMPOUND_CLASS: NA
CH$FORMULA: C10H14O4
CH$EXACT_MASS: 198.08921
CH$SMILES: COC1=CC=CC=C1OCC(O)CO
CH$IUPAC: InChI=1S/C10H14O4/c1-13-9-4-2-3-5-10(9)14-7-8(12)6-11/h2-5,8,11-12H,6-7H2,1H3
CH$LINK: INCHIKEY HSRJKNPTNIJEKV-UHFFFAOYSA-N
AC$INSTRUMENT: waters xevo g2 TOF
AC$INSTRUMENT_TYPE: ESI-TOF
AC$MASS_SPECTROMETRY: MS_TYPE MS2
AC$MASS_SPECTROMETRY: ION_MODE POSITIVE
AC$MASS_SPECTROMETRY: IONIZATION ESI
AC$MASS_SPECTROMETRY: COLLISION_ENERGY 0.6458333
AC$CHROMATOGRAPHY: COLUMN_NAME Acquity CSHC18
AC$CHROMATOGRAPHY: RETENTION_TIME 2.214 min
MS$FOCUSED_ION: BASE_PEAK 199.09721
MS$FOCUSED_ION: PRECURSOR_M/Z 199.09721
MS$FOCUSED_ION: PRECURSOR_TYPE [M+H]+
MS$DATA_PROCESSING: RECALIBRATE loess on assigned fragments and MS1
MS$DATA_PROCESSING: REANALYZE Peaks with additional N2/O included
MS$DATA_PROCESSING: WHOLE RMassBank 3.7.1
PK$SPLASH: splash10-00dl-3900000000-52c3b0a982fa061ca1f5
PK$NUM_PEAK: 110
PK$PEAK: m/z int. rel.int.
  64.0324 3181 8
  65.0399 98965 262
  66.0443 8593 22
  75.0457 2961 7
  77.0397 375920 999
  78.0438 31945 84
  79.0554 137356 365
  80.0611 17618 46
  81.0349 13892 36
  82.9809 2673 7
  84.0528 1781 4
  91.0551 179676 477
  92.0265 59232 157
  93.0345 325134 864
  94.0391 55446 147
  95.0501 195343 519
  96.0533 14370 38
  96.9971 23961 63
  98.9763 7525 19
  102.0406 17875 47
  103.0552 302842 804
  104.0584 31834 84
  105.0707 265884 706
  106.0462 13739 36
  107.0499 58129 154
  108.0573 32186 85
  109.0474 75486 200
  110.0373 158572 421
  111.5146 24102 64
  112.9919 50054 133
  114.001 1941 5
  115.0556 28211 74
  116.058 3176 8
  117.071 4294 11
  118.0419 1554 4
  119.0384 81530 216
  119.5277 5322 14
  120.0573 94910 252
  120.52 86998 231
  121.0191 256337 681
  122.037 371587 987
  122.9992 63963.5 169
  124.0495 224811 597
  125.0604 113345 301
  126.0636 9334 24
  127.0442 6553 17
  128.0318 155288 412
  128.5336 18442 49
  128.9755 5354 14
  129.5253 37447 99
  130.0604 7773 20
  131.0154 41316 109
  132.0101 27814.5 73
  133.0653 24569 65
  135.0191 7171 19
  136.0434 14599.5 38
  137.0605 110274 293
  137.5392 8409 22
  138.0198 6726.5 17
  139.0341 1035 2
  139.9886 3157 8
  140.9645 1426 3
  142.5225 3226 8
  145.0658 34286 91
  146.07 3716 9
  147.018 11000 29
  148.0183 83369 221
  148.5355 6049 16
  149.0308 15963.5 42
  149.9781 1923 5
  151.0761 30647 81
  151.9767 2097 5
  152.9638 6827 18
  155.5304 1150 3
  156.0352 10264 27
  157.5279 2702 7
  158.0177 1442 3
  162.0396 3190 8
  162.9895 92066 244
  164.0181 83466 221
  164.9634 15908 42
  165.5273 7031 18
  165.9575 63871 169
  167.0212 17150.5 45
  167.9708 15799 41
  168.959 6986 18
  169.949 2039 5
  173.5402 12936 34
  177.9832 15901 42
  178.9778 37238 98
  179.542 5339 14
  180.0147 9909 26
  180.5486 4788 12
  181.0149 23853.5 63
  181.9668 12194 32
  182.9522 34639 92
  185.0402 820 2
  187.0529 9067 24
  187.9795 3427 9
  188.5425 629 1
  189.0309 1781 4
  189.972 42972 114
  190.9754 9118 24
  191.9877 7404 19
  193.0273 6337 16
  193.9873 3531 9
  195.9822 62350 165
  196.9894 662 1
  198.0369 12831 34
  199.979 5205 13
//
