ACCESSION: MSBNK-mFam-MC02_000600
RECORD_TITLE: AL 8810 methyl ester; ESI-TOF; MS2; CE: 0.6458333;  [M+H]+
DATE: 2023.03.06
AUTHORS: C. Broeckling, Colorado State University Proteomics and Metabolomics Facility
LICENSE: CC BY
PUBLICATION: Broeckling CD;Ganna A;Layer M;Brown K;Sutton B;Ingelsson E;Peers G;Prenni JE; (n.d.). Enabling efficient and confident annotation of LC-MS metabolomics data through MS1 Spectrum and time prediction. Analytical chemistry.
COMMENT: CONFIDENCE Pure standard
CH$NAME: AL 8810 methyl ester
CH$COMPOUND_CLASS: NA
CH$FORMULA: C25H33FO4
CH$EXACT_MASS: 416.23629
CH$SMILES: COC(=O)CCC/C=C\CC1C(O)C[C@H](F)[C@@H]1\C=C\[C@H](O)C1Cc2ccccc2C1
CH$IUPAC: InChI=1S/C25H33FO4/c1-30-25(29)11-5-3-2-4-10-21-20(22(26)16-24(21)28)12-13-23(27)19-14-17-8-6-7-9-18(17)15-19/h2,4,6-9,12-13,19-24,27-28H,3,5,10-11,14-16H2,1H3/b4-2-,13-12+/t20-,21?,22+,23+,24?/m1/s1
CH$LINK: INCHIKEY SUQUNXDCROKALM-VBCSTLIQSA-N
AC$INSTRUMENT: waters xevo g2 TOF
AC$INSTRUMENT_TYPE: ESI-TOF
AC$MASS_SPECTROMETRY: MS_TYPE MS2
AC$MASS_SPECTROMETRY: ION_MODE POSITIVE
AC$MASS_SPECTROMETRY: IONIZATION ESI
AC$MASS_SPECTROMETRY: COLLISION_ENERGY 0.6458333
AC$CHROMATOGRAPHY: COLUMN_NAME Acquity CSHC18
AC$CHROMATOGRAPHY: RETENTION_TIME 4.133 min
MS$FOCUSED_ION: BASE_PEAK 417.24429
MS$FOCUSED_ION: PRECURSOR_M/Z 417.24429
MS$FOCUSED_ION: PRECURSOR_TYPE [M+H]+
MS$DATA_PROCESSING: RECALIBRATE loess on assigned fragments and MS1
MS$DATA_PROCESSING: REANALYZE Peaks with additional N2/O included
MS$DATA_PROCESSING: WHOLE RMassBank 3.7.1
PK$SPLASH: splash10-02vi-0932100000-54e6c65907987e6c5002
PK$NUM_PEAK: 140
PK$PEAK: m/z int. rel.int.
  67.0529 1157 16
  70.9808 874 12
  91.0553 12994 187
  92.0586 887 12
  93.0699 3138 45
  95.0863 1709 24
  101.0598 1589 22
  105.0717 7234 104
  111.0815 592 8
  115.0554 3485 50
  117.0712 31958 461
  118.0741 2655 38
  119.0859 4728 68
  123.0818 1197 17
  128.0633 13829 199
  129.0713 69226 999
  130.0747 6332 91
  131.0867 21786 314
  133.1017 3161 45
  135.0806 1470 21
  141.071 20934 302
  142.0559 5286 76
  143.0516 15438.5 222
  145.102 20089 289
  149.0961 1493 21
  153.0723 5832 84
  154.0794 2906 41
  155.0867 32457 468
  156.0917 5061 73
  157.1018 20308 293
  158.1062 2005 28
  159.1178 4350 62
  165.0714 5599 80
  166.0782 3896 56
  167.0877 16544 238
  168.0913 1862 26
  169.1021 23218 335
  170.1071 2832 40
  171.0571 16114.5 232
  172.1197 3770 54
  178.0795 4062 58
  179.0879 14812 213
  180.0894 3004 43
  181.1022 17059 246
  185.1141 9845 142
  187.0775 6847.5 98
  191.096 9149 132
  193.1128 5767 83
  194.1057 1272 18
  195.1185 13444 194
  196.1213 2185 31
  197.0967 3515 50
  199.1131 20521 296
  201.0754 2515.5 36
  203.0878 2198 31
  204.0913 2720 39
  205.114 12226 176
  206.1105 1594 23
  207.1295 5894 85
  208.1175 1012 14
  209.056 3283.5 47
  211.1099 1386 20
  213.1284 24240 349
  214.1321 3595 51
  215.0862 1425 20
  218.0958 1422 20
  219.128 23300 336
  220.1292 4096 59
  221.0968 556 8
  223.1212 585 8
  225.0417 369 5
  228.0938 512 7
  229.1135 3110 44
  231.0552 391 5
  232.1239 1327 19
  233.1322 7663 110
  235.1117 2785 40
  237.1249 3387 48
  243.1283 4344 62
  244.1213 1458 21
  245.1188 9086.5 131
  246.1452 1651 23
  247.1124 4942 71
  248.12 747 10
  250.1195 392 5
  255.1156 2424 34
  257.1343 2356 33
  258.1369 803 11
  259.1476 3567 51
  260.1557 3371 48
  261.158 781 11
  263.1534 2047 29
  269.135 6064 87
  270.1362 1692 24
  271.1477 812 11
  275.0712 1927 27
  281.1506 1376 19
  283.1466 6986 100
  284.1551 1559 22
  285.1633 5326 76
  286.1682 1047 15
  296.159 1726 24
  301.188 2414 34
  302.1976 746 10
  307.1783 562 8
  309.1637 1489 21
  311.1803 30299 437
  312.1833 6638 95
  313.1813 539 7
  327.1806 855 12
  329.1907 32712 472
  330.1941 7557 109
  331.147 1505 21
  333.0822 2318 33
  347.2005 9456 136
  348.2016 1596 23
  349.1981 3194 46
  350.2019 622 8
  353.0816 3504 50
  356.0955 1430 20
  357.0983 1815 26
  359.1499 1189.5 17
  361.217 16384 236
  362.2187 6760 97
  367.1753 2812 40
  368.2138 606 8
  379.2231 2971 42
  382.2265 549 7
  385.1898 3631.5 52
  387.1647 1248 18
  398.2034 2251 32
  401.1223 863 12
  403.2025 11733 169
  404.1622 5593 80
  406.1695 369 5
  407.2061 758 10
  407.707 472 6
  417.1895 4368 63
  418.1824 2444 35
  419.1739 29574.5 426
//
