ACCESSION: MSBNK-mFam-MC25_000100
RECORD_TITLE: ononin; LC-ESI-ITFT; MS2; CE: 0.3;  [M+HCOOH-H]-
DATE: 2023.03.31
AUTHORS: Maria Halabalaki, Division of Pharmacognosy and Natural Products Chemistry, University of Athens, Greece
LICENSE: CC BY
PUBLICATION: NA
COMMENT: CONFIDENCE Pure standard
CH$NAME: ononin
CH$COMPOUND_CLASS: isoflavones
CH$FORMULA: C22H22O9
CH$EXACT_MASS: 430.1264
CH$SMILES: COC1=CC=C(C=C1)C2=COC3=C(C2=O)C=CC(=C3)OC4C(C(C(C(O4)CO)O)O)O
CH$IUPAC: InChI=1S/C22H22O9/c1-28-12-4-2-11(3-5-12)15-10-29-16-8-13(6-7-14(16)18(15)24)30-22-21(27)20(26)19(25)17(9-23)31-22/h2-8,10,17,19-23,25-27H,9H2,1H3
CH$LINK: INCHIKEY MGJLSBDCWOSMHL-UHFFFAOYSA-N
AC$INSTRUMENT: LTQ-Orbitrap XL hybrid mass spectrometer (Thermo Scientific)
AC$INSTRUMENT_TYPE: LC-ESI-ITFT
AC$MASS_SPECTROMETRY: MS_TYPE MS2
AC$MASS_SPECTROMETRY: ION_MODE NEGATIVE
AC$MASS_SPECTROMETRY: IONIZATION ESI
AC$MASS_SPECTROMETRY: COLLISION_ENERGY 0.3
AC$CHROMATOGRAPHY: COLUMN_NAME Acquity CSHC18
AC$CHROMATOGRAPHY: RETENTION_TIME 6.831 min
MS$FOCUSED_ION: BASE_PEAK 475.1239
MS$FOCUSED_ION: PRECURSOR_M/Z 475.1239
MS$FOCUSED_ION: PRECURSOR_TYPE [M+HCOOH-H]-
MS$FOCUSED_ION: PRECURSOR_INTENSITY 10871620
MS$DATA_PROCESSING: RECALIBRATE loess on assigned fragments and MS1
MS$DATA_PROCESSING: REANALYZE Peaks with additional N2/O included
MS$DATA_PROCESSING: WHOLE RMassBank 3.7.1
PK$SPLASH: splash10-014i-0090000000-50dbec133422172536db
PK$NUM_PEAK: 116
PK$PEAK: m/z int. rel.int.
  129.0778 8493 1
  135.5171 9262 1
  138.3663 7167 1
  139.1267 7507 1
  164.6801 10085 1
  167.0122 13767 2
  175.5762 9170 1
  180.7403 8518 1
  187.3179 9828 1
  198.4105 12225 1
  199.1158 11253 1
  199.6345 9416 1
  202.6064 9173 1
  209.3556 10477 1
  209.7356 8834 1
  211.3553 8904 1
  211.616 9477 1
  212.5654 8455 1
  220.0419 11369 1
  221.0462 11242 1
  228.0626 11994 1
  228.9584 9224 1
  237.2752 10820 1
  246.7552 9925 1
  250.8238 10814 1
  252.0419 45826 7
  259.8149 10377 1
  261.3851 12947 2
  266.8074 15729 2
  266.8164 9116 1
  266.8597 12122 1
  266.8707 11006 1
  266.8855 13239 2
  266.8986 15217 2
  266.9116 15871 2
  266.9253 19290 3
  266.9388 19525 3
  266.9493 18173 2
  266.9646 23301 3
  266.9771 25926 4
  266.9916 37801 6
  267.0034 33146 5
  267.0163 32025 5
  267.0656 6217570 999
  267.1122 25728 4
  267.1209 28168 4
  267.136 34646 5
  267.1486 29341 4
  267.1606 23845 3
  267.1744 21482 3
  267.1885 21646 3
  267.2024 19957 3
  267.2265 13096 2
  267.2423 15725 2
  267.269 17472 2
  268.0692 81326 13
  268.9786 11650 1
  278.6562 10172 1
  285.346 12442 1
  286.4312 11013 1
  293.8962 11853 1
  294.2345 9504 1
  301.1248 10225 1
  317.1412 13478 2
  321.3324 11468 1
  338.895 11576 1
  339.1257 15230 2
  343.9659 13136 2
  344.4445 16716 2
  347.2439 12396 1
  349.0236 12842 2
  349.3038 12910 2
  351.2508 11294 1
  365.0613 11845 1
  365.223 10654 1
  372.3207 15975 2
  372.4654 13935 2
  373.1988 15092 2
  376.2528 16620 2
  379.0712 11662 1
  384.9954 12978 2
  387.452 14751 2
  390.4606 12515 2
  393.2655 12798 2
  393.6178 15424 2
  399.1145 11751 1
  402.0827 15530 2
  406.0151 11848 1
  412.4608 10984 1
  415.6318 11190 1
  416.2712 14747 2
  418.3826 12543 2
  423.7592 12448 2
  425.8966 12520 2
  426.298 12583 2
  428.4676 18209 2
  429.1177 225049 36
  430.191 16145 2
  430.7935 12300 1
  435.2499 12140 1
  441.2634 11948 1
  446.3371 13044 2
  450.0256 11639 1
  450.3306 10898 1
  450.7162 16568 2
  453.1432 11248 1
  456.2272 13345 2
  459.3323 11290 1
  462.0229 11844 1
  464.8319 12377 1
  468.4058 15808 2
  470.8522 14271 2
  472.4486 14502 2
  473.3126 11564 1
  474.1256 13127 2
  474.9569 14391 2
//
