ACCESSION: MSBNK-mFam-MC21_000758
RECORD_TITLE: Kaempferol; LC-ESI-QTOF; MS2; CE: 15.00;  [M-H]-
DATE: 2023.04.03
AUTHORS: Stefanie Doell IPB
LICENSE: CC BY
PUBLICATION: Döll, S., Farahani-Kofoet, R. D., Zrenner, R., Henze, A. & Witzel, K. (2021) Tissue-specific signatures of metabolites and proteins in asparagus roots and exudates. Horticulture Research.
COMMENT: CONFIDENCE Pure standard
CH$NAME: Kaempferol
CH$COMPOUND_CLASS: NA
CH$FORMULA: C15H10O6
CH$EXACT_MASS: 286.0477
CH$SMILES: C1=CC(=CC=C1C2=C(C(=O)C3=C(C=C(C=C3O2)O)O)O)O
CH$IUPAC: InChI=1S/C15H10O6/c16-8-3-1-7(2-4-8)15-14(20)13(19)12-10(18)5-9(17)6-11(12)21-15/h1-6,16-18,20H
CH$LINK: INCHIKEY IYRMWMYZSQPJKC-UHFFFAOYSA-N
AC$INSTRUMENT: Bruker MicrOTOF-Q
AC$INSTRUMENT_TYPE: LC-ESI-QTOF
AC$MASS_SPECTROMETRY: MS_TYPE MS2
AC$MASS_SPECTROMETRY: ION_MODE NEGATIVE
AC$MASS_SPECTROMETRY: IONIZATION ESI
AC$MASS_SPECTROMETRY: COLLISION_ENERGY 15.00
AC$CHROMATOGRAPHY: COLUMN_NAME Acquity CSHC18
AC$CHROMATOGRAPHY: RETENTION_TIME NA
MS$FOCUSED_ION: BASE_PEAK 285.0405
MS$FOCUSED_ION: PRECURSOR_M/Z 285.0405
MS$FOCUSED_ION: PRECURSOR_TYPE [M-H]-
MS$DATA_PROCESSING: RECALIBRATE loess on assigned fragments and MS1
MS$DATA_PROCESSING: REANALYZE Peaks with additional N2/O included
MS$DATA_PROCESSING: WHOLE RMassBank 3.7.1
PK$SPLASH: splash10-000i-3291000000-4fc0ec8dadeaec8ad0e2
PK$NUM_PEAK: 171
PK$PEAK: m/z int. rel.int.
  44.9328 33.2 13
  45.7978 22 8
  46.5321 38 15
  47.7446 25.7 10
  48.8833 23 9
  49.6523 30.8 12
  50.4934 24.5 9
  51.3927 31 12
  52.0778 43 17
  53.6645 30.1 12
  54.6706 30.5 12
  55.6549 38.7 15
  57.2871 46.7 18
  58.6274 32.5 13
  59.5606 49 19
  60.0147 24 9
  61.4165 31.3 12
  63.5869 29.5 11
  64.4996 26 10
  65.7821 23.5 9
  67.1543 34.5 13
  68.0276 26 10
  68.8465 31.2 12
  69.974 39.7 16
  70.798 32.6 13
  72.0751 26.2 10
  72.8829 33 13
  74.0237 26 10
  74.566 31 12
  76.0174 33.3 13
  77.9616 32.2 13
  79.3178 33.5 13
  80.7749 28.1 11
  82.9633 33 13
  84.0897 42 16
  84.9404 38.6 15
  86.1664 36.2 14
  87.6611 38 15
  88.2823 34 13
  89.0634 35.5 14
  90.289 40.2 16
  91.6735 34 13
  93.1983 51.7 20
  93.9451 35 14
  94.5485 30 12
  96.0785 35.5 14
  97.8178 32 12
  98.535 34 13
  99.4923 35 14
  102.1596 32.5 13
  105.6134 34.4 13
  106.7891 40 16
  108.9636 32.1 12
  111.6387 29.2 11
  114.4162 33.6 13
  116.6751 39.4 15
  120.2069 36.2 14
  122.291 32.3 13
  123.0084 115 46
  125.0153 35.7 14
  126.9731 34 13
  128.2898 41.7 16
  130.0397 37.6 15
  135.8739 33.4 13
  141.1709 32 12
  144.4032 39.3 15
  148.0556 33.5 13
  149.0393 42.7 17
  151.9202 49.3 19
  160.8991 44 17
  168.8146 51.4 20
  173.6289 44.2 17
  176.9467 26 10
  182.0975 79.7 32
  188.2535 50.5 20
  189.4104 59.2 23
  192.8351 51.3 20
  196.8601 73.8 29
  199.4636 79.2 32
  201.5104 105.7 42
  202.9303 36.2 14
  205.576 38.1 15
  210.1208 84.9 34
  215.0919 207.2 83
  217.5857 36.7 14
  219.4536 54.9 22
  228.5368 100.9 40
  236.1903 30.4 12
  240.4413 141.9 57
  245.4453 35 14
  247.4287 37 14
  248.7585 34.7 14
  249.8941 34.9 14
  251.2583 33.9 13
  254.0645 61.8 24
  258.2089 172.3 69
  261.8994 46.5 18
  264.2138 44.5 17
  268.8636 59.3 23
  274.2183 39.9 16
  276.114 35.7 14
  277.1324 29.7 11
  279.1795 36.8 14
  281.5219 38.4 15
  282.5217 20 8
  288.7395 2471.9 999
  295.325 23.5 9
  296.4137 23 9
  297.8441 28.5 11
  299.6569 29 11
  300.3734 36 14
  301.7658 25.7 10
  302.7975 24.3 9
  305.3939 54 21
  308.0996 21 8
  313.3937 30 12
  314.9601 24 9
  316.7314 26 10
  317.4355 50 20
  322.0603 23 9
  326.3375 37 14
  327.3018 35 14
  327.9829 43 17
  343.3542 32 12
  344.5729 51 20
  349.844 29.5 11
  355.4913 29 11
  363.909 37 14
  365.5876 24.5 9
  375.4299 33 13
  378.2522 37 14
  379.847 37 14
  381.2802 38.5 15
  391.3872 37 14
  396.3159 44 17
  413.7583 42 16
  419.4886 50 20
  421.3728 30 12
  425.3141 48 19
  426.362 31.5 12
  435.4692 24 9
  437.9405 43 17
  454.2011 25 10
  458.455 40 16
  474.7705 27 10
  478.7905 21 8
  504.0961 39 15
  505.2593 31 12
  511.6257 38 15
  519.2636 43 17
  535.1013 34 13
  541.9283 42 16
  543.9034 25 10
  558.7307 29 11
  563.9135 32 12
  572.954 36 14
  575.4091 22 8
  583.6001 21 8
  605.2767 22 8
  661.775 21 8
  670.6217 20 8
  683.8086 43 17
  755.1771 21 8
  843.4361 21 8
  852.1134 37 14
  873.6615 26 10
  895.3015 32 12
  915.5552 23 9
  925.7143 21 8
  942.992 21 8
  944.6696 28 11
//
