ACCESSION: MSBNK-mFam-MC02_000735
RECORD_TITLE: trans-Ferulic acid; ESI-TOF; MS2; CE: 6.0000000;  [M+H]+
DATE: 2023.03.06
AUTHORS: C. Broeckling, Colorado State University Proteomics and Metabolomics Facility
LICENSE: CC BY
PUBLICATION: Broeckling CD;Ganna A;Layer M;Brown K;Sutton B;Ingelsson E;Peers G;Prenni JE; (n.d.). Enabling efficient and confident annotation of LC-MS metabolomics data through MS1 Spectrum and time prediction. Analytical chemistry.
COMMENT: CONFIDENCE Pure standard
CH$NAME: trans-Ferulic acid
CH$COMPOUND_CLASS: NA
CH$FORMULA: C10H10O4
CH$EXACT_MASS: 194.05791
CH$SMILES: COC1=C(O)C=CC(C=CC(O)=O)=C1
CH$IUPAC: InChI=1S/C10H10O4/c1-14-9-6-7(2-4-8(9)11)3-5-10(12)13/h2-6,11H,1H3,(H,12,13)
CH$LINK: INCHIKEY KSEBMYQBYZTDHS-UHFFFAOYSA-N
AC$INSTRUMENT: waters xevo g2 TOF
AC$INSTRUMENT_TYPE: ESI-TOF
AC$MASS_SPECTROMETRY: MS_TYPE MS2
AC$MASS_SPECTROMETRY: ION_MODE POSITIVE
AC$MASS_SPECTROMETRY: IONIZATION ESI
AC$MASS_SPECTROMETRY: COLLISION_ENERGY 6.0000000
AC$CHROMATOGRAPHY: COLUMN_NAME Acquity CSHC18
AC$CHROMATOGRAPHY: RETENTION_TIME 2.241 min
MS$FOCUSED_ION: BASE_PEAK 195.06591
MS$FOCUSED_ION: PRECURSOR_M/Z 195.06591
MS$FOCUSED_ION: PRECURSOR_TYPE [M+H]+
MS$DATA_PROCESSING: RECALIBRATE loess on assigned fragments and MS1
MS$DATA_PROCESSING: REANALYZE Peaks with additional N2/O included
MS$DATA_PROCESSING: WHOLE RMassBank 3.7.1
PK$SPLASH: splash10-004m-0914101000-6e3767c76c17b03e68f4
PK$NUM_PEAK: 211
PK$PEAK: m/z int. rel.int.
  89.0394 9577 5
  117.0341 115156 71
  118.0378 10009 6
  123.0451 6530 4
  125.0601 18342 11
  133.0291 17872 11
  134.0369 6950 4
  135.0096 2269 1
  137.0605 17751 11
  143.0604 21881 13
  145.029 663275 411
  146.0327 74367 46
  147.0414 16168 10
  149.0603 86916 53
  150.0649 16885 10
  151.0575 7743.5 4
  153.0554 39469 24
  158.0614 2583 1
  161.0406 24719 15
  162.032 11914 7
  163.0394 49786 30
  165.0555 11146 6
  175.0291 46294.5 28
  176.0783 5736 3
  177.1655 1610239 999
  178.1135 542467 336
  179.0645 38336 23
  186.0556 128873 79
  187.0574 10938 6
  193.0504 31854 19
  194.0299 22555 13
  195.0658 563086 349
  196.0692 70726 43
  200.0371 2596 1
  201.0556 36349 22
  202.0603 52123 32
  203.0632 4676 2
  207.0669 6268 3
  209.0843 1966 1
  210.0918 13911 8
  211.0273 2916 1
  215.0323 22239 13
  216.0389 25593 15
  217.0007 72395.5 44
  218.0214 7738.5 4
  219.0704 141585 87
  220.0693 28274 17
  225.0613 4323 2
  226.143 2197 1
  233.0126 14218 8
  237.0509 14141.5 8
  239.0316 2858 1
  245.0396 7948 4
  246.0229 11854 7
  247.0582 69019 42
  248.0618 8998 5
  250.0281 10866 6
  251.9721 3051 1
  257.099 7888 4
  259.1128 1886 1
  263.0702 13769 8
  265.0865 38576 23
  266.0889 6568 4
  271.0984 70202 43
  273.0423 2089 1
  274.0439 9867 6
  277.0136 2041.7 1
  278.9911 11830.5 7
  280.0392 6235.5 3
  281.0466 5076 3
  283.1062 2167 1
  290.0112 22869 14
  291.0315 2914 1
  292.042 4857.5 3
  293.0298 2640 1
  293.9833 41782 25
  295.042 4614 2
  297.1122 98547 61
  303.0521 3435 2
  309.0467 6253.5 3
  311.572 3497 2
  313.1078 13963 8
  314.1166 4127 2
  319.0949 64238 39
  320.0965 14674 9
  323.0923 85689 53
  324.0423 1743 1
  325.1068 265715 164
  326.1108 17476 10
  333.0372 2559 1
  337.0725 9345 5
  340.0948 13628 8
  341.1026 718757 445
  342.1085 410367 254
  343.1157 220339 136
  344.1202 34949 21
  351.0874 45925 28
  352.0901 8435 5
  355.084 11507 7
  359.1126 3490 2
  363.0847 61158 37
  364.0912 77746 48
  365.1002 84795 52
  366.0637 8456 5
  367.0802 15348 9
  369.0982 26753 16
  373.1281 7553 4
  374.13 4143 2
  381.0644 4268 2
  383.1497 10366 6
  384.1493 1956 1
  385.0912 9625 5
  387.1056 26050 16
  388.116 3148 1
  393.097 6790 4
  395.1071 40882 25
  396.0716 4117 2
  406.0837 2117 1
  407.0757 23883 14
  407.5923 5951 3
  408.05 5601.5 3
  408.5994 4658 2
  409.0445 93243 57
  410.0488 18276 11
  411.097 17601 10
  413.0871 20349 12
  425.0788 2974 1
  427.0731 43383 26
  428.1068 22370.5 13
  429.1407 3885 2
  433.1351 2509 1
  439.0711 1713 1
  440.0389 8738 5
  441.1158 25747 15
  442.0772 90465.5 56
  443.0401 126864 78
  444.0824 15201.5 9
  445.045 46727 28
  446.0471 7614 4
  447.0396 19363 12
  449.1123 44711 27
  450.1158 8996 5
  457.0852 5009 3
  459.1893 7856.5 4
  460.1035 1896 1
  465.0852 32108 19
  467.0852 16071 9
  468.0958 5410 3
  469.086 6862 4
  474.0616 6732 4
  475.0645 3200 1
  477.0665 2924 1
  483.0626 5200 3
  484.0686 8146 5
  486.0706 8262 5
  489.1098 2120.5 1
  496.1027 14922 9
  497.1079 5393 3
  503.1136 8358 5
  503.6108 3129 1
  504.1213 2521 1
  533.144 4125 2
  535.1605 27556 17
  536.1616 7614 4
  557.1424 32214 19
  558.1452 4105 2
  575.1259 17932 11
  577.135 4953 3
  589.1648 22016 13
  590.1288 21252.5 13
  591.0919 7565 4
  593.0951 4706 2
  599.1335 5948 3
  601.133 4421 2
  605.1457 19548 12
  606.1518 7959 4
  607.1412 51642 32
  608.1436 16038 9
  609.1447 2846 1
  619.1114 33062 20
  620.1153 12831 7
  621.1247 108283 67
  622.131 36870 22
  623.1327 12837 7
  627.1509 4223 2
  629.1795 3337 2
  632.0856 2100 1
  634.0862 17417 10
  636.0938 158636.5 98
  637.0962 123300 76
  638.1007 33018 20
  639.1215 14018 8
  641.1038 2597 1
  658.1351 17886 11
  659.1409 6152 3
  721.043 1778 1
  752.205 1758 1
  767.1671 3621 2
  770.1878 1626 1
  792.1833 2908 1
  793.1857 2085 1
  795.1891 19170 11
  796.1931 15797 9
  797.1951 3400 2
  812.1613 1865 1
  813.1681 14599 9
  815.1805 12084 7
  826.1426 3015 1
  828.1357 11371 7
  829.1376 4394 2
  884.0707 2220 1
//
