ACCESSION: MSBNK-mFam-MC21_000166
RECORD_TITLE: 7-methylthioheptyl glucosinolate; LC-ESI-QTOF; MS2; CE: 27.16;  [M-H]-
DATE: 2023.03.22
AUTHORS: Stefanie Döll, Hendrik Treutler
LICENSE: CC BY
PUBLICATION: Döll, S., Farahani-Kofoet, R. D., Zrenner, R., Henze, A. & Witzel, K. (2021) Tissue-specific signatures of metabolites and proteins in asparagus roots and exudates. Horticulture Research.
COMMENT: CONFIDENCE Pure standard
CH$NAME: 7-methylthioheptyl glucosinolate
CH$COMPOUND_CLASS: NA
CH$FORMULA: C15H29NO9S3
CH$EXACT_MASS: 463.1004
CH$SMILES: CSCCCCCCCC(=NOS(=O)(=O)O)SC1C(C(C(C(O1)CO)O)O)O
CH$IUPAC: InChI=1S/C15H29NO9S3/c1-26-8-6-4-2-3-5-7-11(16-25-28(21,22)23)27-15-14(20)13(19)12(18)10(9-17)24-15/h10,12-15,17-20H,2-9H2,1H3,(H,21,22,23)
CH$LINK: INCHIKEY SJHVRBSHKTUXLG-UHFFFAOYSA-N
AC$INSTRUMENT: Bruker MicrOTOF-Q
AC$INSTRUMENT_TYPE: LC-ESI-QTOF
AC$MASS_SPECTROMETRY: MS_TYPE MS2
AC$MASS_SPECTROMETRY: ION_MODE NEGATIVE
AC$MASS_SPECTROMETRY: IONIZATION ESI
AC$MASS_SPECTROMETRY: COLLISION_ENERGY 27.16
AC$CHROMATOGRAPHY: COLUMN_NAME Acquity CSHC18
AC$CHROMATOGRAPHY: RETENTION_TIME NA
MS$FOCUSED_ION: BASE_PEAK 462.0932
MS$FOCUSED_ION: PRECURSOR_M/Z 462.0932
MS$FOCUSED_ION: PRECURSOR_TYPE [M-H]-
MS$DATA_PROCESSING: RECALIBRATE loess on assigned fragments and MS1
MS$DATA_PROCESSING: REANALYZE Peaks with additional N2/O included
MS$DATA_PROCESSING: WHOLE RMassBank 3.7.1
PK$SPLASH: splash10-00xr-1290000000-aa125f7d50da08042334
PK$NUM_PEAK: 123
PK$PEAK: m/z int. rel.int.
  45.3212 17151502 3
  46.5894 15765326 3
  48.1572 13446235 2
  48.6605 5841492 1
  49.362 16074668.3 3
  50.6042 16542234.9 3
  52.4256 11279712.5 2
  53.251 13171062.5 2
  56.2486 16585629.5 3
  57.0331 14760657.5 3
  58.1356 5649746 1
  59.0954 14967984.2 3
  60.7304 16820395.5 3
  62.2565 13961866 2
  63.0564 14975289 3
  65.0674 17396103 3
  66.6869 14808445 3
  67.1573 15694647.5 3
  68.624 17367370 3
  70.0303 16200297.5 3
  70.7222 12916153.7 2
  71.2255 9038524 1
  71.7134 24209268 4
  72.2257 26008724 5
  73.1785 23156804 4
  73.7678 13704975 2
  74.1791 15937721 3
  75.7212 10696635 2
  76.2192 13597428 2
  76.8382 12714431.5 2
  78.5654 11273105 2
  80.2379 42306124.5 8
  81.1131 14125034.5 2
  83.0977 15073016 3
  84.2029 18962650 3
  85.4185 20602797 4
  86.7782 11598061.8 2
  87.5682 16723142 3
  88.0247 10176710 2
  89.1292 8312987 1
  90.5842 16567644 3
  93.2585 8134147 1
  94.894 11193821 2
  97.4092 1710635035.2 347
  99.9205 16986185.5 3
  101.0207 61605064 12
  110.9923 15016780 3
  111.9316 210648576 42
  113.0546 52094078.3 10
  113.9212 52873568 10
  117.021 44923092 9
  119.0402 38741472 7
  121.0312 8033972 1
  122.5649 11767230 2
  127.9234 876963520 178
  128.9323 352883968 71
  129.4054 13088555 2
  129.9227 86459112 17
  130.9782 38276844 7
  133.5657 11528465 2
  134.0289 15582795 3
  135.0438 130274768 26
  137.0284 12512085 2
  138.0323 5466604 1
  138.9697 1139564030 231
  140.9675 36773296 7
  143.0323 35170184 7
  145.0499 131234408 26
  153.1283 37600940 7
  154.9521 7508207 1
  159.0224 20026170 4
  163.0617 132338880 26
  168.9792 185870560 37
  170.9637 21735604 4
  176.2211 14575830 2
  193.0484 11557919 2
  195.0322 382892736 77
  197.0204 24071916 4
  198.9926 300581824 61
  199.994 19806444 4
  200.9872 56391340 11
  202.0757 26470276 5
  204.0946 139567280 28
  204.942 831909661.7 169
  206.0763 316312480 64
  207.0671 169265808 34
  219.0733 32935884 6
  219.9696 1476306434 300
  221.0843 585926660 119
  222.0808 437708128 88
  223.0768 16397095 3
  227.0242 148607728 30
  228.0308 5385788 1
  229.2572 9843441.5 2
  239.0413 821948860 167
  240.0381 66179716 13
  240.9472 487853791 99
  242.0052 101337936 20
  242.9991 53424240 10
  244.0826 44233288 8
  250.0431 24129984 4
  257.0579 81372816 16
  259.3735 1301757550 264
  261.0117 458107712 93
  262.0562 29950770 6
  266.0523 234389824 47
  267.055 6088242 1
  269.0334 2172982530 441
  270.0348 214298592 43
  271.0272 277379296 56
  272.0309 22620284 4
  274.9893 4914636300 999
  275.8071 273835384.5 55
  276.9188 204109598.5 41
  278.9791 19827356 4
  284.0637 192263664 39
  285.057 25164930 5
  290.9859 36749612 7
  299.0902 26956105.5 5
  382.1383 40700104 8
  462.0901 713693500 145
  463.0929 168194624 34
  464.0908 124058096 25
//
