ACCESSION: MSBNK-mFam-MC02_000717
RECORD_TITLE: Flavone; ESI-TOF; MS2; CE: 6.0000000;  [M+H]+
DATE: 2023.03.06
AUTHORS: C. Broeckling, Colorado State University Proteomics and Metabolomics Facility
LICENSE: CC BY
PUBLICATION: Broeckling CD;Ganna A;Layer M;Brown K;Sutton B;Ingelsson E;Peers G;Prenni JE; (n.d.). Enabling efficient and confident annotation of LC-MS metabolomics data through MS1 Spectrum and time prediction. Analytical chemistry.
COMMENT: CONFIDENCE Pure standard
CH$NAME: Flavone
CH$COMPOUND_CLASS: NA
CH$FORMULA: C15H10O2
CH$EXACT_MASS: 222.06808
CH$SMILES: O=C1C=C(OC2=CC=CC=C12)C1=CC=CC=C1
CH$IUPAC: InChI=1S/C15H10O2/c16-13-10-15(11-6-2-1-3-7-11)17-14-9-5-4-8-12(13)14/h1-10H
CH$LINK: INCHIKEY VHBFFQKBGNRLFZ-UHFFFAOYSA-N
AC$INSTRUMENT: waters xevo g2 TOF
AC$INSTRUMENT_TYPE: ESI-TOF
AC$MASS_SPECTROMETRY: MS_TYPE MS2
AC$MASS_SPECTROMETRY: ION_MODE POSITIVE
AC$MASS_SPECTROMETRY: IONIZATION ESI
AC$MASS_SPECTROMETRY: COLLISION_ENERGY 6.0000000
AC$CHROMATOGRAPHY: COLUMN_NAME Acquity CSHC18
AC$CHROMATOGRAPHY: RETENTION_TIME 3.690 min
MS$FOCUSED_ION: BASE_PEAK 223.07608
MS$FOCUSED_ION: PRECURSOR_M/Z 223.07608
MS$FOCUSED_ION: PRECURSOR_TYPE [M+H]+
MS$DATA_PROCESSING: RECALIBRATE loess on assigned fragments and MS1
MS$DATA_PROCESSING: REANALYZE Peaks with additional N2/O included
MS$DATA_PROCESSING: WHOLE RMassBank 3.7.1
PK$SPLASH: splash10-0002-0094500000-8732b97f54b7d207eed7
PK$NUM_PEAK: 113
PK$PEAK: m/z int. rel.int.
  125.9866 22306 4
  147.066 8931 1
  167.0713 66399 13
  172.9782 6417 1
  184.9998 11405 2
  195.0812 14358 2
  224.4877 1830382 362
  228.9604 10252.5 2
  242.3104 7305.7 1
  245.2122 5049815 999
  246.1225 1177019.5 232
  247.0628 220825 43
  250.2509 11509.3 2
  251.0541 5184 1
  258.0633 5584 1
  261.078 15543.5 3
  262.5638 24198 4
  282.105 15867 3
  307.0284 16992 3
  308.0232 12000 2
  323.0007 30745 6
  324.0558 9856.5 1
  324.604 6494 1
  325.0042 13932 2
  345.039 14264 2
  345.8926 5593.3 1
  353.0845 130456 25
  353.543 59435 11
  354.0535 43039 8
  355.0564 42686.5 8
  355.5914 16917 3
  356.0926 97304 19
  356.5945 46298 9
  357.0964 11654 2
  360.0718 43787 8
  360.923 161220.2 31
  361.5718 328259 64
  362.0717 165358 32
  362.8678 97464 19
  363.5703 25432 5
  364.0364 9332 1
  365.1184 9094.5 1
  368.5738 8833 1
  369.091 132140 26
  369.574 344113 68
  370.0743 174045 34
  370.5747 52994 10
  371.0731 10959 2
  375.5814 21360 4
  376.0847 11296 2
  376.5795 643628 127
  377.0819 342173 67
  377.5824 38805 7
  378.0844 22371 4
  382.5725 11873 2
  383.0718 12090 2
  383.5685 350582 69
  384.0707 181332 35
  384.5726 54351 10
  385.074 11445 2
  408.5606 9390 1
  419.0881 13265 2
  435.1357 45722 9
  435.6379 26152 5
  436.1396 8907 1
  450.1511 16236 3
  451.1519 205127 40
  452.1548 65567 12
  453.1596 7781 1
  456.1296 184647 36
  456.6303 55095 10
  457.1311 83636 16
  457.6322 18513 3
  464.3476 919468.8 181
  465.1205 802490 158
  465.6222 231433 45
  466.3879 23778.7 4
  467.1254 1032517 204
  468.1285 346388 68
  471.6063 22335 4
  472.1046 130123 25
  472.6058 38027 7
  473.1044 625877 123
  474.1018 197223 39
  475.1044 51006 10
  475.6037 23399 4
  476.1039 13415 2
  476.6012 7014 1
  509.1131 9391 1
  513.1136 5532 1
  514.0808 14083 2
  514.5826 10438 2
  529.0965 50985 10
  530.0994 17478 3
  531.1041 9765 1
  545.0685 35359.5 6
  547.0712 27249 5
  548.0791 10897 2
  549.0685 10321 2
  550.0732 6466 1
  562.1045 15882 3
  563.1064 8261 1
  572.0927 13864 2
  575.1525 68904 13
  575.6537 60887 12
  576.1216 23778 4
  577.0906 10743 2
  594.0439 7160 1
  662.162 6413 1
  751.1629 15888 3
  768.1525 32189 6
  769.1546 14477 2
  837.1036 12004 2
//
