ACCESSION: MSBNK-mFam-MC25_000129
RECORD_TITLE: gnetin H; LC-ESI-ITFT; MS2; CE: 0.3;  [M+H]+
DATE: 2023.03.31
AUTHORS: Maria Halabalaki, Division of Pharmacognosy and Natural Products Chemistry, University of Athens, Greece
LICENSE: CC BY
PUBLICATION: NA
COMMENT: CONFIDENCE Pure standard
CH$NAME: gnetin H
CH$COMPOUND_CLASS: stilbenes
CH$FORMULA: C42H32O9
CH$EXACT_MASS: 680.2046
CH$SMILES: C1=CC(=CC=C1C=CC2=C3C(C(OC3=CC4=C2C(C(O4)C5=CC=C(C=C5)O)C6=CC(=CC(=C6)O)O)C7=CC=C(C=C7)O)C8=CC(=CC(=C8)O)O)O
CH$IUPAC: InChI=1S/C42H32O9/c43-27-8-1-22(2-9-27)3-14-34-39-35(50-41(23-4-10-28(44)11-5-23)37(39)25-15-30(46)19-31(47)16-25)21-36-40(34)38(26-17-32(48)20-33(49)18-26)42(51-36)24-6-12-29(45)13-7-24/h1-21,37-38,41-49H
CH$LINK: INCHIKEY PHIHHTIYURVLDB-UHFFFAOYSA-N
AC$INSTRUMENT: LTQ-Orbitrap XL hybrid mass spectrometer (Thermo Scientific)
AC$INSTRUMENT_TYPE: LC-ESI-ITFT
AC$MASS_SPECTROMETRY: MS_TYPE MS2
AC$MASS_SPECTROMETRY: ION_MODE POSITIVE
AC$MASS_SPECTROMETRY: IONIZATION ESI
AC$MASS_SPECTROMETRY: COLLISION_ENERGY 0.3
AC$CHROMATOGRAPHY: COLUMN_NAME Acquity CSHC18
AC$CHROMATOGRAPHY: RETENTION_TIME 8.556 min
MS$FOCUSED_ION: BASE_PEAK 681.2086
MS$FOCUSED_ION: PRECURSOR_M/Z 681.2086
MS$FOCUSED_ION: PRECURSOR_TYPE [M+H]+
MS$FOCUSED_ION: PRECURSOR_INTENSITY 2483696
MS$DATA_PROCESSING: RECALIBRATE loess on assigned fragments and MS1
MS$DATA_PROCESSING: REANALYZE Peaks with additional N2/O included
MS$DATA_PROCESSING: WHOLE RMassBank 3.7.1
PK$SPLASH: splash10-004r-0000390000-2b50ab334c027078ea27
PK$NUM_PEAK: 136
PK$PEAK: m/z int. rel.int.
  177.9443 1450 3
  187.4067 1579 3
  189.399 1621 3
  196.1172 1529 3
  199.0741 4420 10
  215.0694 9390 23
  225.6825 1863 4
  226.0807 1673 4
  227.0702 2328 5
  229.0839 4214 10
  229.628 1442 3
  239.0667 2940 7
  248.1684 1705 4
  250.8015 1867 4
  258.1856 1613 3
  258.2094 1568 3
  267.703 1642 4
  273.5391 1765 4
  281.5186 1489 3
  282.1573 1680 4
  287.0828 3186 7
  306.3658 1712 4
  311.3768 1719 4
  320.8436 1993 4
  331.0947 4005 9
  340.3803 2107 5
  343.0956 2572 6
  345.0695 2709 6
  345.1124 3722 9
  347.0898 24552 60
  348.0898 2666 6
  351.6383 1622 4
  357.0956 1800 4
  359.0899 22397 55
  360.0949 3503 8
  371.0875 3734 9
  387.0848 4965 12
  392.5655 2263 5
  398.3064 2320 5
  403.5923 2509 6
  405.8468 1699 4
  406.104 2115 5
  407.8664 2243 5
  410.3824 2165 5
  415.4659 2435 6
  416.3418 1933 4
  420.4623 2288 5
  430.6812 1940 4
  433.5958 2188 5
  435.1209 7376 18
  438.3463 2124 5
  441.1355 3819 9
  445.0975 2260 5
  447.9178 1955 4
  450.1022 3234 7
  451.117 21153 52
  451.2714 3084 7
  452.1216 4521 11
  453.1315 31086 76
  454.1336 4658 11
  457.7464 2919 7
  461.4387 2839 7
  463.1152 18052 44
  463.5001 2450 6
  464.1215 6866 16
  464.8729 2308 5
  465.1305 27268 67
  466.1143 6791 16
  467.112 23170 57
  469.127 7587 18
  475.124 4581 11
  477.1312 15257 37
  478.718 3092 7
  479.109 7661 18
  480.1163 7128 17
  481.1258 61929 152
  481.5143 2377 5
  481.5894 2668 6
  482.1328 10351 25
  482.5985 2119 5
  484.8782 2410 5
  487.0877 2940 7
  492.9175 2214 5
  493.1264 48567 119
  494.1297 6994 17
  497.4095 2561 6
  498.4345 2146 5
  505.7788 2408 5
  506.5682 2091 5
  507.468 2432 5
  508.4567 2283 5
  514.1123 2315 5
  516.6423 2547 6
  524.6533 2504 6
  529.8148 2093 5
  530.4392 2277 5
  534.6147 2475 6
  541.1594 3721 9
  542.8558 2915 7
  545.435 2043 5
  548.626 2343 5
  551.1403 2812 6
  557.1566 31799 78
  558.1614 10284 25
  559.1733 12278 30
  563.8908 2178 5
  563.9709 2335 5
  565.2671 2645 6
  569.1589 23478 57
  570.1571 4405 10
  571.1727 23552 58
  573.1503 19638 48
  574.1583 34198 84
  575.1669 405025 999
  576.1712 55613 137
  577.2787 3359 8
  577.9569 2352 5
  581.0183 2246 5
  587.1669 311832 769
  588.1723 46416 114
  592.0023 2072 5
  602.8186 2346 5
  605.8305 2553 6
  606.9913 3210 7
  609.2191 2641 6
  611.6758 3030 7
  620.9926 2399 5
  621.0491 2450 6
  630.721 2614 6
  636.6672 2573 6
  642.4802 2174 5
  644.3102 3533 8
  652.7892 2874 7
  663.1998 36871 90
  664.203 10258 25
  673.9742 2415 5
//
