ACCESSION: MSBNK-mFam-MC02_000670
RECORD_TITLE: Guaiacol; ESI-TOF; MS2; CE: 0.6458333;  [M+H]+
DATE: 2023.03.06
AUTHORS: C. Broeckling, Colorado State University Proteomics and Metabolomics Facility
LICENSE: CC BY
PUBLICATION: Broeckling CD;Ganna A;Layer M;Brown K;Sutton B;Ingelsson E;Peers G;Prenni JE; (n.d.). Enabling efficient and confident annotation of LC-MS metabolomics data through MS1 Spectrum and time prediction. Analytical chemistry.
COMMENT: CONFIDENCE Pure standard
CH$NAME: Guaiacol
CH$COMPOUND_CLASS: NA
CH$FORMULA: C7H8O2
CH$EXACT_MASS: 124.05243
CH$SMILES: COC1=CC=CC=C1O
CH$IUPAC: InChI=1S/C7H8O2/c1-9-7-5-3-2-4-6(7)8/h2-5,8H,1H3
CH$LINK: INCHIKEY LHGVFZTZFXWLCP-UHFFFAOYSA-N
AC$INSTRUMENT: waters xevo g2 TOF
AC$INSTRUMENT_TYPE: ESI-TOF
AC$MASS_SPECTROMETRY: MS_TYPE MS2
AC$MASS_SPECTROMETRY: ION_MODE POSITIVE
AC$MASS_SPECTROMETRY: IONIZATION ESI
AC$MASS_SPECTROMETRY: COLLISION_ENERGY 0.6458333
AC$CHROMATOGRAPHY: COLUMN_NAME Acquity CSHC18
AC$CHROMATOGRAPHY: RETENTION_TIME 2.241 min
MS$FOCUSED_ION: BASE_PEAK 125.06043
MS$FOCUSED_ION: PRECURSOR_M/Z 125.06043
MS$FOCUSED_ION: PRECURSOR_TYPE [M+H]+
MS$DATA_PROCESSING: RECALIBRATE loess on assigned fragments and MS1
MS$DATA_PROCESSING: REANALYZE Peaks with additional N2/O included
MS$DATA_PROCESSING: WHOLE RMassBank 3.7.1
PK$SPLASH: splash10-0fe0-0951000000-216503ba5e9b5947af13
PK$NUM_PEAK: 170
PK$PEAK: m/z int. rel.int.
  65.0398 1096 21
  69.0345 2535 49
  77.0395 11286 222
  89.043 7404 145
  95.0494 9479 186
  96.053 123 2
  101.0603 34096 671
  102.0642 1395 27
  109.0283 123 2
  115.0653 8453 166
  116.0543 8279 162
  121.0297 1510 29
  122.036 2877 56
  123.0442 4671 91
  123.5135 624 12
  124.0509 2922 57
  125.0601 123 2
  128.0491 15138 297
  129.0551 10277 202
  130.011 123 2
  131.0496 3955 77
  132.0146 1186 23
  135.5344 609 11
  135.9925 2938 57
  137.0141 7475.5 147
  139.9883 123 2
  143.0707 1714 33
  144.5192 1511 29
  145.0633 10785 212
  146.0337 2750 54
  147.5648 123 2
  147.9831 13318 262
  148.5451 123 2
  149.0267 123 2
  151.0224 1665 32
  153.0528 1343 26
  153.5254 1203 23
  154.0012 1899 37
  156.5317 123 2
  157.0669 34246 674
  158.1303 2085 41
  159.0807 6430 126
  160.0528 2538 49
  161.9726 1936 38
  162.999 1779.5 35
  163.9555 50750 999
  164.9628 22048 434
  165.9562 2020 39
  168.0411 123 2
  168.9932 1034 20
  171.0442 4717 92
  172.0521 26388 519
  172.9832 123 2
  176.5415 123 2
  177.0516 123 2
  178.0483 123 2
  178.9785 1976 38
  179.9875 123 2
  180.9611 1426 28
  181.9667 9852 193
  183.0445 25283 497
  184.051 9862 194
  184.5562 123 2
  185.0598 26208 515
  186.0653 123 2
  187.0756 40586 798
  188.0789 4012 78
  192.9806 778 15
  195.0262 123 2
  195.9819 4017 79
  198.0652 1509 29
  199.0384 3427 67
  200.0469 18266 359
  203.0704 34472 678
  204.9821 123 2
  208.0017 1052 20
  208.9826 1528 30
  209.9985 123 2
  211.0272 4497 88
  212.0146 1658 32
  213.0548 9553 188
  214.0663 4368 85
  215.0706 1587 31
  216.074 9543 187
  219.0331 2190 43
  220.0073 123 2
  221.0138 123 2
  222.0498 123 2
  223.9772 1806 35
  224.9802 123 2
  229.0847 4902 96
  231.038 10117.5 199
  232.0382 1869.5 36
  236.082 1119 22
  237.0866 123 2
  242.0976 123 2
  243.0235 3906 76
  243.9827 2519 49
  245.0805 19662 387
  245.5689 123 2
  246.0884 26067 513
  247.0615 3227.5 63
  248.0995 123 2
  249.1029 123 2
  251.1123 296 5
  253.0766 123 2
  253.9672 2548 50
  258.0473 2630 51
  268.07 8176 160
  269.0322 3621 71
  270.0503 4883.5 96
  272.0048 26750.5 526
  272.9796 9459 186
  274.0431 2330 45
  275.0248 123 2
  283.1169 123 2
  285.0431 6041 118
  285.993 5776 113
  286.5836 123 2
  287.0007 36567 719
  291.0327 1619 31
  299.0904 123 2
  300.026 123 2
  302.024 17000 334
  303.0229 9405 185
  304.0298 123 2
  305.0456 1170 23
  307.0024 1517 29
  320.041 762 14
  323.0279 123 2
  329.0586 247.5 4
  331.0486 2116 41
  343.0506 123 2
  344.0404 123 2
  346.0147 2635 51
  347.0197 1176 23
  351.0232 123 2
  357.0756 123 2
  358.036 123 2
  367.0127 123 2
  369.1334 123 2
  370.1355 123 2
  372.9889 2690 52
  380.0581 2116 41
  387.0055 123 2
  391.1153 123 2
  394.013 5950 117
  395.0483 1343 26
  398.0333 123 2
  401.9844 123 2
  409.0394 6360 125
  410.0372 2020 39
  423.0471 123 2
  424.0605 123 2
  425.0646 123 2
  426.0994 123 2
  511.1387 123 2
  512.1417 123 2
  513.1506 123 2
  515.1643 123 2
  517.116 123 2
  519.1201 603 11
  531.0721 2402 47
  534.1495 744 14
  546.0993 2200 43
  547.1057 123 2
  548.0995 123 2
  549.1022 518 10
  569.3142 2807 55
  570.3169 123 2
//
