ACCESSION: MSBNK-mFam-MC25_000108
RECORD_TITLE: Quercitrin; LC-ESI-ITFT; MS2; CE: 0.3;  [M-H]-
DATE: 2023.03.31
AUTHORS: Maria Halabalaki, Division of Pharmacognosy and Natural Products Chemistry, University of Athens, Greece
LICENSE: CC BY
PUBLICATION: NA
COMMENT: CONFIDENCE Pure standard
CH$NAME: Quercitrin
CH$COMPOUND_CLASS: flavonol glycosides
CH$FORMULA: C21H20O11
CH$EXACT_MASS: 448.1006
CH$SMILES: CC1C(C(C(C(O1)OC2=C(OC3=CC(=CC(=C3C2=O)O)O)C4=CC(=C(C=C4)O)O)O)O)O
CH$IUPAC: InChI=1S/C21H20O11/c1-7-15(26)17(28)18(29)21(30-7)32-20-16(27)14-12(25)5-9(22)6-13(14)31-19(20)8-2-3-10(23)11(24)4-8/h2-7,15,17-18,21-26,28-29H,1H3
CH$LINK: INCHIKEY OXGUCUVFOIWWQJ-UHFFFAOYSA-N
AC$INSTRUMENT: LTQ-Orbitrap XL hybrid mass spectrometer (Thermo Scientific)
AC$INSTRUMENT_TYPE: LC-ESI-ITFT
AC$MASS_SPECTROMETRY: MS_TYPE MS2
AC$MASS_SPECTROMETRY: ION_MODE NEGATIVE
AC$MASS_SPECTROMETRY: IONIZATION ESI
AC$MASS_SPECTROMETRY: COLLISION_ENERGY 0.3
AC$CHROMATOGRAPHY: COLUMN_NAME Acquity CSHC18
AC$CHROMATOGRAPHY: RETENTION_TIME 5.766 min
MS$FOCUSED_ION: BASE_PEAK 447.0925
MS$FOCUSED_ION: PRECURSOR_M/Z 447.0925
MS$FOCUSED_ION: PRECURSOR_TYPE [M-H]-
MS$FOCUSED_ION: PRECURSOR_INTENSITY 21910200
MS$DATA_PROCESSING: RECALIBRATE loess on assigned fragments and MS1
MS$DATA_PROCESSING: REANALYZE Peaks with additional N2/O included
MS$DATA_PROCESSING: WHOLE RMassBank 3.7.1
PK$SPLASH: splash10-0udi-0009000000-359346d65de7acb55429
PK$NUM_PEAK: 140
PK$PEAK: m/z int. rel.int.
  117.3061 14389 1
  122.6138 12397 1
  132.0389 15938 1
  139.7665 13911 1
  145.818 14042 1
  151.0042 70939 5
  160.2828 16551 1
  167.0872 36886 3
  178.094 16361 1
  178.9985 124786 10
  181.6539 14988 1
  183.9919 17040 1
  184.2005 17399 1
  189.4171 17775 1
  189.8726 15714 1
  192.9449 15218 1
  212.5032 15308 1
  215.5728 16484 1
  220.5812 19649 1
  224.573 15758 1
  227.4988 16163 1
  235.1813 16595 1
  235.7225 19239 1
  240.5316 22005 1
  243.7963 18130 1
  243.8208 18374 1
  249.7781 16890 1
  251.4172 17936 1
  251.7598 17361 1
  252.0501 23646 1
  253.822 19668 1
  255.2286 24962 2
  255.8513 22564 1
  257.3066 17779 1
  257.3369 22556 1
  257.4329 21725 1
  257.9069 26492 2
  258.2154 17829 1
  258.3614 19281 1
  258.9245 21241 1
  259.8429 26196 2
  260.4761 26150 2
  260.9288 24905 2
  261.4422 34831 2
  261.9023 19573 1
  262.2301 26381 2
  263.1319 21911 1
  263.3746 25483 2
  263.4579 23326 1
  265.7816 18106 1
  266.4159 18163 1
  266.4548 17959 1
  267.1857 24956 2
  268.1198 23659 1
  269.305 19682 1
  271.1736 22806 1
  273.0446 26150 2
  274.1592 18361 1
  274.697 21249 1
  275.5629 20856 1
  275.8195 21238 1
  276.3942 22934 1
  280.5604 21327 1
  283.0266 26622 2
  288.2471 18070 1
  296.9787 19178 1
  297.2893 19453 1
  297.7775 30404 2
  298.0252 31129 2
  298.7746 116184 9
  298.8182 27949 2
  299.5235 52474 4
  299.8287 33918 2
  300.0273 2910206 242
  300.6956 32864 2
  300.7432 37299 3
  300.8053 34915 2
  300.8189 24795 2
  300.8534 64559 5
  300.8844 61394 5
  300.8978 42366 3
  300.9158 74082 6
  300.9305 61926 5
  300.9461 64882 5
  300.9626 86823 7
  300.9784 82566 6
  301.0348 11985378 999
  301.0876 48375 4
  301.1049 88102 7
  301.12 73484 6
  301.1364 75479 6
  301.1492 43730 3
  301.1687 73443 6
  301.1995 53276 4
  301.2136 33676 2
  302.0376 225832 18
  302.2506 23827 1
  302.5538 29339 2
  303.3217 97957 8
  308.7389 17318 1
  309.3576 25187 2
  314.7411 18214 1
  316.4192 19465 1
  321.0613 24614 2
  321.2714 20378 1
  324.6495 24427 2
  330.7352 23024 1
  332.0769 17650 1
  332.961 21082 1
  338.5002 21211 1
  338.7635 27105 2
  340.1533 21185 1
  342.3035 19795 1
  343.044 134576 11
  343.9352 25640 2
  344.9542 23342 1
  349.3855 24076 2
  351.1342 26238 2
  352.7977 19040 1
  353.0061 28397 2
  353.6168 21306 1
  354.83 25093 2
  357.5737 27372 2
  367.2411 23511 1
  369.1032 23500 1
  380.0565 19608 1
  381.2154 22049 1
  396.0312 19931 1
  398.4104 24852 2
  401.811 19933 1
  408.4116 25685 2
  410.6988 26430 2
  415.32 24064 2
  416.9165 24811 2
  420.2586 27744 2
  422.1306 25544 2
  425.9473 20547 1
  429.0817 97751 8
  436.7524 27045 2
  439.2826 25331 2
//
