ACCESSION: MSBNK-mFam-MC11_000237
RECORD_TITLE: 4'-O-Methylkaempferol; LC-ESI-QTOF; MS2; CE: 50eV;  [M-H]-
DATE: 2023.04.05
AUTHORS: Jörg Ziegler, Leibniz-Institute of Plant Biochemistry, Halle, Germany
LICENSE: CC BY
PUBLICATION: NA
COMMENT: CONFIDENCE Pure standard
CH$NAME: 4'-O-Methylkaempferol
CH$COMPOUND_CLASS: Flavonol
CH$FORMULA: C16H12O6
CH$EXACT_MASS: 300.0634
CH$SMILES: COC1=CC=C(C=C1)C2=C(C(=O)C3=C(C=C(C=C3O2)O)O)O
CH$IUPAC: InChI=1S/C16H12O6/c1-21-10-4-2-8(3-5-10)16-15(20)14(19)13-11(18)6-9(17)7-12(13)22-16/h2-7,17-18,20H,1H3
CH$LINK: INCHIKEY SQFSKOYWJBQGKQ-UHFFFAOYSA-N
AC$INSTRUMENT: TIMS-TOF Pro, Bruker Daltonik; Elute UHPLC System, Bruker Daltonik
AC$INSTRUMENT_TYPE: LC-ESI-QTOF
AC$MASS_SPECTROMETRY: MS_TYPE MS2
AC$MASS_SPECTROMETRY: ION_MODE NEGATIVE
AC$MASS_SPECTROMETRY: IONIZATION ESI
AC$MASS_SPECTROMETRY: COLLISION_ENERGY 50eV
AC$CHROMATOGRAPHY: COLUMN_NAME Acquity CSHC18
AC$CHROMATOGRAPHY: RETENTION_TIME 9.092 min
MS$FOCUSED_ION: BASE_PEAK 299.0512
MS$FOCUSED_ION: PRECURSOR_M/Z 299.0512
MS$FOCUSED_ION: PRECURSOR_TYPE [M-H]-
MS$FOCUSED_ION: PRECURSOR_INTENSITY 785558.5
MS$DATA_PROCESSING: RECALIBRATE loess on assigned fragments and MS1
MS$DATA_PROCESSING: REANALYZE Peaks with additional N2/O included
MS$DATA_PROCESSING: WHOLE RMassBank 3.7.1
PK$SPLASH: splash10-000t-5690000000-f60b823040324c5c17dd
PK$NUM_PEAK: 154
PK$PEAK: m/z int. rel.int.
  23.0765 250 2
  30.4377 260 2
  36.9263 244 2
  39.0239 200 2
  39.7711 238 2
  41.0025 1306 13
  43.7165 190 1
  44.7051 394 4
  48.266 152 1
  50.5198 267 2
  53.0452 304 3
  54.7444 348 3
  56.1439 335 3
  60.8644 300 3
  62.0138 319 3
  63.0224 33706 342
  63.1846 160.5 1
  63.3106 221 2
  63.5605 263 2
  64.0252 223 2
  65.0029 17734 180
  65.1288 146 1
  66.0059 1142 11
  67.4692 385 3
  71.5171 200 2
  74.689 250 2
  77.0373 394 4
  80.026 183 1
  82.0057 171 1
  83.0126 11609 117
  83.1318 213 2
  83.2325 140 1
  84.0154 898 9
  85.0534 277 2
  86.2749 121 1
  91.016 498 5
  92.0251 11249 114
  93.0276 750 7
  94.0035 4808 48
  95.0121 4097 41
  96.0137 217 2
  101.0387 167 1
  103.7173 250 2
  104.0242 3675 37
  104.6539 306 3
  106.0684 371 3
  107.0124 20682 210
  107.4451 233 2
  107.7984 208 2
  108.0195 8609 87
  108.5035 269 2
  109.0231 1145 11
  109.2339 269 2
  109.9635 388 3
  111.3918 315 3
  113.5219 292 2
  117.0312 698 7
  118.0037 271 2
  120.0197 2775 28
  121.0219 383 3
  121.9987 1179 11
  123.0091 275 2
  124.9931 238 2
  127.0534 388 3
  130.0388 1146 11
  132.0187 15150 153
  132.1437 252 2
  132.2978 175 1
  133.0206 355 3
  134.1724 425 4
  135.0065 3018 30
  136.0141 1881 19
  137.0791 248 2
  138.7029 319 3
  140.0263 175 1
  141.2548 354 3
  142.0448 240 2
  142.8144 327 3
  144.0551 246 2
  144.6007 452 4
  145.91 400 4
  148.4214 379 3
  149.3063 381 3
  149.993 736 7
  151.0008 9367 95
  151.2275 296 3
  151.6641 119 1
  152.0041 888 9
  153.0459 240 2
  154.5476 340 3
  155.0479 498 5
  156.0528 377 3
  156.2912 469 4
  157.0609 350 3
  157.6464 242 2
  158.4432 156 1
  159.0431 490 4
  162.5339 335 3
  163.0006 8216 83
  163.1718 271 2
  163.3229 294 2
  164.0087 3473 35
  165.0138 491 4
  166.3411 371 3
  168.0496 175 1
  170.4681 517 5
  173.1112 231 2
  174.8103 285 2
  176.6643 519 5
  183.0415 1559 15
  184.0498 240 2
  185.0222 398 4
  185.6511 250 2
  187.0372 350 3
  190.2053 158 1
  191.353 240 2
  199.0386 575 5
  200.0408 310 3
  201.0523 144 1
  205.361 258 2
  210.0671 192 1
  212.0416 370 3
  225.8067 194 1
  227.0309 688 6
  230.6037 252 2
  235.4923 177 1
  242.7653 285 2
  249.6728 110 1
  255.0278 704 7
  256.031 331 3
  260.0581 333 3
  274.654 427 4
  283.0158 388 3
  283.7803 257 2
  283.9483 30646.2 311
  284.2878 450 4
  284.45 496 5
  284.6122 242 2
  284.7027 400 4
  284.8424 215.5 2
  284.9821 5524 56
  285.1578 307 3
  285.5627 263 2
  285.7865 169 1
  285.9411 150 1
  286.0344 1285 13
  286.2345 159 1
  286.6134 248 2
  287.6848 150 1
  294.9806 215 2
  298.7881 179.5 1
  298.9503 350 3
  299.0335 98365.5 999
  299.3949 303.5 3
//
