ACCESSION: MSBNK-mFam-MC02_000632
RECORD_TITLE: AL 8810 ethyl amide; ESI-TOF; MS2; CE: 0.6458333;  [M+H]+
DATE: 2023.03.06
AUTHORS: C. Broeckling, Colorado State University Proteomics and Metabolomics Facility
LICENSE: CC BY
PUBLICATION: Broeckling CD;Ganna A;Layer M;Brown K;Sutton B;Ingelsson E;Peers G;Prenni JE; (n.d.). Enabling efficient and confident annotation of LC-MS metabolomics data through MS1 Spectrum and time prediction. Analytical chemistry.
COMMENT: CONFIDENCE Pure standard
CH$NAME: AL 8810 ethyl amide
CH$COMPOUND_CLASS: NA
CH$FORMULA: C26H36FNO3
CH$EXACT_MASS: 429.26792
CH$SMILES: O[C@@H]1[C@H](C/C=C\CCCC(NCC)=O)[C@@H](/C=C/[C@H](O)C2CC3=CC=CC=C3C2)[C@@H](F)C1
CH$IUPAC: InChI=1S/C26H36FNO3/c1-2-28-26(31)12-6-4-3-5-11-22-21(23(27)17-25(22)30)13-14-24(29)20-15-18-9-7-8-10-19(18)16-20/h3,5,7-10,13-14,20-25,29-30H,2,4,6,11-12,15-17H2,1H3,(H,28,31)/b5-3-,14-13+/t21-,22-,23+,24+,25+/m1/s1
CH$LINK: INCHIKEY VABRORXFVJOSHQ-OXDHMAHTSA-N
AC$INSTRUMENT: waters xevo g2 TOF
AC$INSTRUMENT_TYPE: ESI-TOF
AC$MASS_SPECTROMETRY: MS_TYPE MS2
AC$MASS_SPECTROMETRY: ION_MODE POSITIVE
AC$MASS_SPECTROMETRY: IONIZATION ESI
AC$MASS_SPECTROMETRY: COLLISION_ENERGY 0.6458333
AC$CHROMATOGRAPHY: COLUMN_NAME Acquity CSHC18
AC$CHROMATOGRAPHY: RETENTION_TIME 3.816 min
MS$FOCUSED_ION: BASE_PEAK 430.27592
MS$FOCUSED_ION: PRECURSOR_M/Z 430.27592
MS$FOCUSED_ION: PRECURSOR_TYPE [M+H]+
MS$DATA_PROCESSING: RECALIBRATE loess on assigned fragments and MS1
MS$DATA_PROCESSING: REANALYZE Peaks with additional N2/O included
MS$DATA_PROCESSING: WHOLE RMassBank 3.7.1
PK$SPLASH: splash10-0a7i-0943200000-e03deb04cee155466042
PK$NUM_PEAK: 137
PK$PEAK: m/z int. rel.int.
  67.0533 1350 7
  69.0701 1328 7
  72.0447 3949 22
  81.0704 2078 11
  83.0868 2004 11
  91.0558 9078 51
  93.0705 2730 15
  97.0662 1182 6
  100.0752 941 5
  105.0711 4571 25
  107.0688 1684 9
  109.1024 708 4
  114.0927 17740 100
  115.0557 7771 44
  117.0711 20232 114
  119.0872 3367 19
  126.0931 769 4
  127.0544 4236 24
  128.1083 23938 135
  129.0711 137098 777
  130.0747 14503 82
  131.0866 24464 138
  132.0886 1128 6
  133.1022 2322 13
  135.0809 1957 11
  140.1064 1177 6
  141.071 11782 66
  142.1235 3206 18
  143.0872 20487 116
  144.0905 2947 16
  145.1029 21734 123
  149.0966 1524 8
  153.0709 10996 62
  154.079 4830 27
  155.0869 176048 999
  156.0906 24460 138
  157.1022 15141 85
  158.1171 8574 48
  159.1199 2858 16
  165.0712 1932 10
  166.0752 1407 7
  167.0859 8775 49
  169.1022 18704 106
  170.1072 1851 10
  171.1181 28966 164
  172.1231 2890 16
  173.0961 1035 5
  175.1096 1463 8
  178.0794 3694 20
  179.0851 18052 102
  181.1015 17791 100
  182.1066 1457 8
  183.1184 3313 18
  185.1334 8152 46
  186.1394 810 4
  187.113 14750 83
  188.1157 1723 9
  191.0872 18960 107
  192.0913 3346 18
  193.1019 8363 47
  194.0998 710 4
  195.1177 11373 64
  196.1188 1993 11
  199.1118 12507 70
  201.1302 2756 15
  203.0874 5626 31
  204.094 6818 38
  205.1029 25358 143
  206.1067 3896 22
  207.1106 6695 37
  209.1361 1283 7
  212.0583 765 4
  213.1277 22766 129
  214.1331 2149 12
  215.607 1959 11
  216.0987 805 4
  217.1025 11623 65
  218.1071 2739 15
  219.118 75582 428
  220.1217 14970 84
  221.1315 7684 43
  223.1113 1053 5
  229.1015 4908 27
  231.1194 12361 70
  232.1225 3133 17
  233.1319 18980 107
  234.1368 4162 23
  235.1416 1783 10
  239.1417 793 4
  243.1154 4300 24
  244.1695 4423 25
  245.1414 21158 120
  246.1373 3809 21
  247.1126 9241 52
  249.1279 8493 48
  255.1152 2802 15
  256.1313 719 4
  257.1229 2882 16
  258.1849 9098 51
  259.1686 2629 14
  261.1267 1673 9
  263.1443 4474 25
  269.1334 8749 49
  276.1946 368 2
  282.1392 710 4
  283.146 6887 39
  284.147 852 4
  285.1626 4594 26
  286.1662 1989 11
  287.1794 17564 99
  288.1821 3691 20
  301.1931 3582 20
  311.1799 32594 184
  312.1819 7786 44
  319.2086 1365 7
  329.1902 49546 281
  330.1934 13322 75
  331.1938 3372 19
  346.2171 2156 12
  347.202 14174 80
  348.2166 3473 19
  349.1981 1416 8
  374.2487 67751 384
  375.2515 18561 105
  392.2597 34672 196
  393.2618 8277 46
  394.2569 1922 10
  395.2613 409 2
  411.2263 2768 15
  411.7361 1230 6
  412.2288 19677.5 111
  413.2683 9103 51
  414.258 2922 16
  416.2744 1887 10
  420.2371 2394 13
  429.7509 657 3
  432.2517 140437 796
//
