ACCESSION: MSBNK-NILU-NL0635
RECORD_TITLE: Triallyl cyanurate; GC-EI-FT; MS; POSITIVE; CE 40 eV
DATE: 2025.10.07
AUTHORS: MILK, NILU
LICENSE: CC BY
COPYRIGHT: MILK, NILU
CH$NAME: Triallyl cyanurate
CH$NAME: 2,4,6-tris(prop-2-enoxy)-1,3,5-triazine
CH$NAME: TAC
CH$COMPOUND_CLASS: Non-Natural Product; Semi-volatile organic contaminants (SVOCs)
CH$FORMULA: C12H15N3O3
CH$EXACT_MASS: 249.11134135
CH$SMILES: C=CCOC1=NC(=NC(=N1)OCC=C)OCC=C
CH$IUPAC: InChI=1S/C12H15N3O3/c1-4-7-16-10-13-11(17-8-5-2)15-12(14-10)18-9-6-3/h4-6H,1-3,7-9H2
AC$INSTRUMENT: Trace 1310 GC, Thermo Scientific; Q Exactive Orbitrap, Thermo Scientific
AC$INSTRUMENT_TYPE: GC-EI-FT
AC$MASS_SPECTROMETRY: MS_TYPE MS
AC$MASS_SPECTROMETRY: ION_MODE POSITIVE
AC$MASS_SPECTROMETRY: COLLISION_ENERGY 40 eV
AC$CHROMATOGRAPHY: RETENTION_TIME 9.545
MS$FOCUSED_ION: BASE_PEAK 82.028755
PK$SPLASH: splash10-003r-9700000000-ce558f0fe71bdcec9da8
PK$NUM_PEAK: 91
PK$PEAK: m/z int. rel.int.
  54.033852 146227.453125 165
  55.041706 30111.126953125 34
  56.013126 49517.6953125 56
  56.049515 27553.80859375 31
  65.03862 28933.482421875 33
  67.041695 25542.720703125 29
  67.054268 75360.6640625 85
  68.049545 32385.03515625 37
  68.994713 35550.421875 40
  69.008377 99208 112
  69.069931 35514.58203125 40
  69.992386 303270.125 343
  73.04686 43904.3203125 50
  77.038605 53295.77734375 60
  78.046455 35435.6796875 40
  79.054237 335098.125 379
  80.0495 57305.9921875 65
  80.062073 81356.8828125 92
  81.044777 28391.73046875 32
  81.069908 131008.734375 148
  82.028755 882666.3125 999
  82.06517 36316.23046875 41
  83.024017 49988.5546875 57
  83.032127 40420.90625 46
  83.036568 191748.90625 217
  84.03186 61925.84765625 70
  84.044426 128623.7421875 146
  87.018959 67808.640625 77
  89.038605 25134.404296875 28
  91.054253 185216.703125 210
  92.062088 29517.6484375 33
  93.069939 69605.8203125 79
  94.065186 65159.203125 74
  95.085571 49673.109375 56
  96.080803 46841.84765625 53
  97.039703 40856.38671875 46
  99.018951 34194.45703125 39
  103.054268 27232.822265625 31
  105.044785 34710.625 39
  105.069931 90297.3359375 102
  107.085571 47494.015625 54
  108.031853 26046.697265625 29
  108.044426 25611.837890625 29
  109.03968 206828.75 234
  109.076096 27678.677734375 31
  109.101242 35625.36328125 40
  110.0839 36458.2578125 41
  111.018944 92979.921875 105
  111.055336 35395.72265625 40
  112.026764 57012.1953125 65
  115.054276 110970.0625 126
  117.069916 72234.53125 82
  119.085594 65273.69921875 74
  121.101227 34186.16015625 39
  122.060089 30732.857421875 35
  123.055328 46691.2890625 53
  124.026794 83510.0390625 95
  124.075768 32826.203125 37
  125.034576 397854.15625 450
  125.071014 32581.4296875 37
  127.05024 116386.078125 132
  128.062088 79002.265625 89
  129.069916 60113.671875 68
  130.024796 43990.31640625 50
  130.991531 46782.015625 53
  131.085602 45980.66796875 52
  133.101242 28549.173828125 32
  137.070999 88335.28125 100
  140.058075 26582.55078125 30
  141.069901 48933.45703125 55
  142.02478 31000.953125 35
  143.085571 36213.59765625 41
  145.101212 28774.74609375 33
  149.044922 26081.994140625 30
  151.024155 26467.861328125 30
  151.050217 88328.2890625 100
  152.045471 69948.3359375 79
  152.062073 30319.21484375 34
  153.069885 26911.123046875 30
  165.065872 56256.33984375 64
  165.069885 34533.05078125 39
  168.040375 27911.287109375 32
  170.056015 39040.484375 44
  180.076736 34060.55859375 39
  192.076706 46953.4609375 53
  193.084564 25696.697265625 29
  207.032349 45773.75 52
  208.071625 207236.75 235
  209.011627 31310.74609375 35
  225.042923 76320.0234375 86
  234.087372 27939.078125 32
//
