ACCESSION: MSBNK-NILU-NL0630
RECORD_TITLE: 2-Chlorotrityl chloride; GC-EI-FT; MS; POSITIVE; CE 40 eV
DATE: 2025.10.07
AUTHORS: MILK, NILU
LICENSE: CC BY
COPYRIGHT: MILK, NILU
CH$NAME: 2-Chlorotrityl chloride
CH$NAME: 1-chloro-2-[chloro(diphenyl)methyl]benzene
CH$NAME: CTC
CH$COMPOUND_CLASS: Non-Natural Product; Semi-volatile organic contaminants (SVOCs)
CH$FORMULA: C19H14Cl2
CH$EXACT_MASS: 312.0472558
CH$SMILES: C1=CC=C(C=C1)C(C2=CC=CC=C2)(C3=CC=CC=C3Cl)Cl
CH$IUPAC: InChI=1S/C19H14Cl2/c20-18-14-8-7-13-17(18)19(21,15-9-3-1-4-10-15)16-11-5-2-6-12-16/h1-14H
AC$INSTRUMENT: Trace 1310 GC, Thermo Scientific; Q Exactive Orbitrap, Thermo Scientific
AC$INSTRUMENT_TYPE: GC-EI-FT
AC$MASS_SPECTROMETRY: MS_TYPE MS
AC$MASS_SPECTROMETRY: ION_MODE POSITIVE
AC$MASS_SPECTROMETRY: COLLISION_ENERGY 40 eV
AC$CHROMATOGRAPHY: RETENTION_TIME 15.878
MS$FOCUSED_ION: BASE_PEAK 138.994522
PK$SPLASH: splash10-0k9i-1910000000-16e7cd87b476f5492bb9
PK$NUM_PEAK: 70
PK$PEAK: m/z int. rel.int.
  67.054276 52375.9140625 28
  74.015152 60685.78125 33
  75.02298 131856.34375 71
  76.030792 117890.8125 63
  77.038567 633223.4375 339
  78.041992 43597.640625 23
  78.046455 65889.8828125 35
  79.054268 67425.4921875 36
  81.069939 53528.91015625 29
  91.054268 181708.234375 97
  93.069946 49866.65234375 27
  95.049179 103469.9140625 55
  105.033524 1509033.25 809
  105.044785 196190.953125 105
  105.069946 69345.2265625 37
  106.036903 120010.21875 64
  110.999664 82230.6328125 44
  113.038612 54624.125 29
  115.054283 174612.265625 94
  117.069923 66486.140625 36
  118.534752 42626.21875 23
  119.085602 47907.91796875 26
  119.542564 71536.859375 38
  126.046463 64539.52734375 35
  128.062088 118314.671875 63
  129.069901 61257.6484375 33
  130.991562 45896.125 25
  138.994522 1863803 999
  139.005768 429426 230
  139.054276 65429.23046875 35
  139.99791 145970.5625 78
  140.991547 598457.9375 321
  141.002823 135938.28125 73
  141.069916 41933.4375 22
  141.99498 45532.49609375 24
  150.046417 78889.125 42
  151.054276 112760.953125 60
  152.062012 611405.5 328
  153.065445 76149.7890625 41
  153.06987 274796.59375 147
  154.077667 625081.125 335
  155.060379 43357.171875 23
  155.0811 68104.421875 37
  155.08551 336105.84375 180
  156.088928 40050.125 21
  163.054214 117356.3515625 63
  164.062012 110785.765625 59
  165.069839 568721.8125 305
  166.073273 86928.0859375 47
  166.077698 43404.57421875 23
  167.085556 42275.87109375 23
  179.060364 49965.91796875 27
  181.064743 328594.28125 176
  182.068176 47011.21875 25
  182.072647 104498.875 56
  183.080383 623239.5625 334
  184.083817 89100.1875 48
  189.069839 40301.9296875 22
  207.032349 106539.2109375 57
  215.085571 42719.93359375 23
  216.033691 66468.578125 36
  217.041458 463527.84375 248
  218.044876 64598.44140625 35
  219.038544 160973.984375 86
  225.042938 76009.1640625 41
  226.077744 58132.08984375 31
  237.069931 44680.62890625 24
  239.085571 184535.5 99
  241.101227 87074.3515625 47
  294.08075 104557.5078125 56
//
