ACCESSION: MSBNK-NILU-NL000586
RECORD_TITLE: Bisphenol-AP-AF ; LC-ESI-QTOF; MS2; CE: 40 eV; [M-H]- 
DATE: 2025.09.22
AUTHORS: MILK, NILU
LICENSE: CC BY
COPYRIGHT: MILK, NILU
CH$NAME: Bisphenol AP AF 
CH$NAME: BAHF (BIS TMC)
CH$COMPOUND_CLASS: Non-Natural Product; Bisphenol
CH$FORMULA: C15H12F6N2O2
CH$EXACT_MASS: 366.0803
CH$SMILES: C1=CC(=C(C=C1C(C2=CC(=C(C=C2)O)N)(C(F)(F)F)C(F)(F)F)N)O
CH$IUPAC: InChI=1S/C15H12F6N2O2/c16-14(17,18)13(15(19,20)21,7-1-3-11(24)9(22)5-7)8-2-4-12(25)10(23)6-8/h1-6,24-25H,22-23H2
CH$LINK: CAS 83558-87-6
CH$LINK: ChemOnt CHEMONTID:0000369; Organic compounds; Benzenoids; Benzene and substituted derivatives; Diphenylmethanes
AC$INSTRUMENT: AGILENT 6546 LC/QToF
AC$INSTRUMENT_TYPE: LC-ESI-QTOF
AC$MASS_SPECTROMETRY: MS_TYPE MS2
AC$MASS_SPECTROMETRY: ION_MODE NEGATIVE
AC$MASS_SPECTROMETRY: IONIZATION ESI
AC$MASS_SPECTROMETRY: COLLISION_ENERGY 40 eV
MS$FOCUSED_ION: PRECURSOR_M/Z 365.07303
MS$FOCUSED_ION: PRECURSOR_TYPE [M-H]-
PK$SPLASH: splash10-056r-1190000000-946e42c1011392fd773f
PK$NUM_PEAK: 98
PK$PEAK: m/z int. rel.int.
  61.98941 3.40449 34
  68.99575 52.60432 525
  69.00234 5.787082 57
  73.02995 17.49897 174
  79.95795 9.210853 92
  82.9739 3.613827 36
  85.06593 6.090071 60
  94.98061 4.387826 43
  96.96025 5.387688 53
  101.02436 3.856218 38
  112.98551 4.803746 47
  124.05271 5.018593 50
  129.05576 6.417849 64
  134.87538 12.53271 125
  139.05046 5.597025 55
  142.06556 4.101364 40
  147.01406 4.255612 42
  148.73357 3.495386 34
  150.03599 3.638617 36
  151.04041 6.277373 62
  151.07601 3.801129 37
  151.69282 4.44016 44
  152.04919 3.550475 35
  153.05498 8.464399 84
  166.04273 6.558325 65
  173.04195 3.616582 36
  173.08369 6.588624 65
  176.03 5.335354 53
  180.04507 13.14695 131
  182.06073 4.743148 47
  188.93807 6.134141 61
  200.05369 8.781159 87
  205.16141 5.062664 50
  207.03318 4.159207 41
  207.0564 26.82 267
  207.17501 4.897398 48
  208.0396 31.22711 311
  208.05873 11.65404 116
  208.1343 7.558188 75
  210.03469 4.630216 46
  211.04318 5.032365 50
  213.04718 3.754304 37
  224.0396 4.944223 49
  225.06854 8.709545 87
  226.05555 4.236331 42
  227.01318 10.93789 109
  227.06281 15.00069 149
  228.0478 23.27503 232
  230.85409 4.285912 42
  231.02541 5.029611 50
  232.05739 3.371437 33
  233.05033 5.40146 53
  235.02423 19.58408 195
  235.05183 14.55447 145
  236.05777 4.682551 46
  238.04857 8.439609 84
  239.03908 4.478722 44
  241.18249 5.52541 55
  245.00001 5.387688 53
  246.00583 6.029472 60
  247.0219 6.905385 68
  247.0689 7.423221 74
  248.02487 5.864206 58
  248.05366 16.34486 163
  248.07361 4.902906 48
  255.00973 4.16747 41
  255.05902 52.02865 519
  256.05812 8.106322 80
  259.04489 50.76711 507
  260.04476 24.0022 239
  261.05192 4.418125 44
  269.001 3.886517 38
  272.9956 4.91117 49
  274.05432 7.470046 74
  275.01748 20.8043 207
  275.06349 100 999
  276.02374 91.64027 915
  276.03862 11.53009 115
  276.06766 14.33411 143
  277.02963 17.00317 169
  278.02526 10.95441 109
  278.06641 7.073406 70
  282.02782 7.866685 78
  294.90306 5.225176 52
  295.02071 4.164716 41
  295.06964 39.33343 392
  296.02891 14.7886 147
  296.07251 24.19501 241
  296.59911 4.104118 41
  297.02848 15.65625 156
  300.86278 3.999449 39
  301.99837 5.20314 51
  313.08966 5.605289 55
  329.11205 4.745903 47
  330.87322 3.619336 36
  365.22519 6.010191 60
  799.31147 3.70197 36
  991.45669 4.682551 46
//
